set C := 1 2 3 4 5 6 7 8 9 10;
set P := 3 4 5 6 7 8 9 10;
set A1 := 2;
set A2 := 1;
set S := 0 1 2 3 4 5 6 7 8 9 10 11 12 13 14 15 16 17 18 19 20 21 22 23 24 25 26 27 28 29 30 31 32 33 34 35 36 37 38 39 40 41 42 43 44 45 46 47 48 49 50 51 52 53 54 55 56 57 58 59 60 61 62 63 64 65 66 67 68 69 70 71 72 73 74 75 76 77 78 79 80 81 82 83 84 85 86 87 88 89 90 91 92 93 94 95 96 97 98 99 100 101 102 103 104 105 106 107 108 109 110 111 112 113 114 115 116 117 118 119 120 121 122 123 124 125 126 127 128 129 130 131 132 133 134 135 136 137 138 139 140 141 142 143 144 145 146 147 148 149 150 151 152 153 154 155 156 157 158 159 160 161 162 163 164 165 166 167 168 169 170 171 172 173 174 175 176 177 178 179 180 181 182 183 184 185 186 187 188 189 190 191 192 193 194 195 196 197 198 199 200 201 202 203 204 205 206 207 208 209 210 211 212 213 214 215 216 217 218 219 220 221 222 223 224 225 226 227 228 229 230 231 232 233 234 235 236 237 238 239 240 241 242 243 244 245 246 247 248 249 250 251 252 253 254 255 256 257 258 259 260 261 262 263 264 265 266 267 268 269 270 271 272 273 274 275 276 277 278 279 280 281 282 283 284 285 286 287 288 289 290 291 292 293 294 295 296 297 298 299 300 301 302 303 304 305 306 307 308 309 310 311 312 313 314 315 316 317 318 319 320 321 322 323 324 325 326 327 328 329 330 331 332 333 334 335 336 337 338 339 340 341 342 343 344 345 346 347 348 349 350 351 352 353 354 355 356 357 358 359 360 361 362 363 364 365 366 367 368 369 370 371 372 373 374 375 376 377 378 379 380 381 382 383 384 385 386 387 388 389 390 391 392 393 394 395 396 397 398 399 400 401 402 403 404 405 406 407 408 409 410 411 412 413 414 415 416 417 418 419 420 421 422 423 424 425 426 427 428 429 430 431 432 433 434 435 436 437 438 439 440 441 442 443 444 445 446 447 448 449 450 451 452 453 454 455 456 457 458 459 460 461 462 463 464 465 466 467 468 469 470 471 472 473 474 475 476 477 478 479 480 481 482 483 484 485 486 487 488 489 490 491 492 493 494 495 496 497 498 499 500 501 502 503 504 505 506 507 508 509 510 511 512 513 514 515 516 517 518 519 520 521 522 523 524 525 526 527 528 529 530 531 532 533 534 535 536 537 538 539 540 541 542 543 544 545 546 547 548 549 550 551 552 553 554 555 556 557 558 559 560 561 562 563 564 565 566 567 568 569 570 571 572 573 574 575 576 577 578 579 580 581 582 583 584 585 586 587 588 589 590 591 592 593 594 595 596 597 598 599 600 601 602 603 604 605 606 607 608 609 610 611 612 613 614 615 616 617 618 619 620 621 622 623 624 625 626 627 628 629 630 631 632 633 634 635 636 637 638 639 640 641 642 643 644 645 646 647 648 649 650 651 652 653 654 655 656 657 658 659 660 661 662 663 664 665 666 667 668 669 670 671 672 673 674 675 676 677 678 679 680 681 682 683 684 685 686 687 688 689 690 691 692 693 694 695 696 697 698 699 700 701 702 703 704 705 706 707 708 709 710 711 712 713 714 715 716 717 718 719 720 721 722 723 724 725 726 727 728 729 730 731 732 733 734 735 736 737 738 739 740 741 742 743 744 745 746 747 748 749 750 751 752 753 754 755 756 757 758 759 760 761 762 763 764 765 766 767 768 769 770 771 772 773 774 775 776 777 778 779 780 781 782 783 784 785 786 787 788 789 790 791 792 793 794 795 796 797 798 799 800 801 802 803 804 805 806 807 808 809 810 811 812 813 814 815 816 817 818 819 820 821 822 823 824 825 826 827 828 829 830 831 832 833 834 835 836 837 838 839 840 841 842 843 844 845 846 847 848 849 850 851 852 853 854 855 856 857 858 859 860 861 862 863 864 865 866 867 868 869 870 871 872 873 874 875 876 877 878 879 880 881 882 883 884 885 886 887 888 889 890 891 892 893 894 895 896 897 898 899 900 901 902 903 904 905 906 907 908 909 910 911 912 913 914 915 916 917 918 919 920 921 922 923 924 925 926 927 928 929 930 931 932 933 934 935 936 937 938 939 940 941 942 943 944 945 946 947 948 949 950 951 952 953 954 955 956 957 958 959 960 961 962 963 964 965 966 967 968 969 970 971 972 973 974 975 976 977 978 979 980 981 982 983 984 985 986 987 988 989 990 991 992 993 994 995 996 997 998 999 1000 1001 1002 1003 1004 1005 1006 1007 1008 1009 1010 1011 1012 1013 1014 1015 1016 1017 1018 1019 1020 1021 1022 1023 1024 1025 1026 1027 1028 1029 1030 1031 1032 1033 1034 1035 1036 1037 1038 1039 1040 1041 1042 1043 1044 1045 1046 1047 1048 1049 1050 1051 1052 1053 1054 1055 1056 1057 1058 1059 1060 1061 1062 1063 1064 1065 1066 1067 1068 1069 1070 1071 1072 1073 1074 1075 1076 1077 1078 1079 1080 1081 1082 1083 1084 1085 1086 1087 1088 1089 1090 1091 1092 1093 1094 1095 1096 1097 1098 1099 1100 1101 1102 1103 1104 1105 1106 1107 1108 1109 1110 1111 1112 1113 1114 1115 1116 1117 1118 1119 1120 1121 1122 1123 1124 1125 1126 1127 1128 1129 1130 1131 1132 1133 1134 1135 1136 1137 1138 1139 1140 1141 1142 1143 1144 1145 1146 1147 1148 1149 1150 1151 1152 1153 1154 1155 1156 1157 1158 1159 1160 1161 1162 1163 1164 1165 1166 1167 1168 1169 1170 1171 1172 1173 1174 1175 1176 1177 1178 1179 1180 1181 1182 1183 1184 1185 1186 1187 1188 1189 1190 1191 1192 1193 1194 1195 1196 1197 1198 1199 1200 1201 1202 1203 1204 1205 1206 1207 1208 1209 1210 1211 1212 1213 1214 1215 1216 1217 1218 1219 1220 1221 1222 1223 1224 1225 1226 1227 1228 1229 1230 1231 1232 1233 1234 1235 1236 1237 1238 1239 1240 1241 1242 1243 1244 1245 1246 1247 1248 1249 1250 1251 1252 1253 1254 1255 1256 1257 1258 1259 1260 1261 1262 1263 1264 1265 1266 1267 1268 1269 1270 1271 1272 1273 1274 1275 1276 1277 1278 1279 1280 1281 1282 1283 1284 1285 1286 1287 1288 1289 1290 1291 1292 1293 1294 1295 1296 1297 1298 1299 1300 1301 1302 1303 1304 1305 1306 1307 1308 1309 1310 1311 1312 1313 1314 1315 1316 1317 1318 1319 1320 1321 1322 1323 1324 1325 1326 1327 1328 1329 1330 1331 1332 1333 1334 1335 1336 1337 1338 1339 1340 1341 1342 1343 1344 1345 1346 1347 1348 1349 1350 1351 1352 1353 1354 1355 1356 1357 1358 1359 1360 1361 1362 1363 1364;

param q :=
    1 15.75
    2 22.23
    3 39.39
    4 11.34
    5 30.72
    6 17.34
    7 48.32
    8 11.26
    9 46.00
    10 38.69;
param ca :=
    1 199.41
    2 240.50
    3 166.99
    4 234.78
    5 160.12
    6 168.48
    7 178.79
    8 214.32
    9 202.09
    10 239.89;
param cc :=
    1 32.17
    2 34.57
    3 40.07
    4 47.01
    5 37.55
    6 40.21
    7 49.62
    8 41.26
    9 39.78
    10 33.21;
param cp :=
    1 11.79
    2 10.25
    3 5.47
    4 8.76
    5 10.91
    6 6.24
    7 11.38
    8 5.24
    9 10.21
    10 8.33;
param sMin := 0;
param sMax := 80;
param s0 := 20;
param d :=
    0 38.62
    1 30.89
    2 44.81
    3 25.04
    4 40.75
    5 26.62
    6 19.76
    7 15.16
    8 22.45
    9 26.62
    10 19.76
    11 15.16
    12 22.45
    13 26.62
    14 19.76
    15 15.16
    16 22.45
    17 26.62
    18 19.76
    19 15.16
    20 22.45
    21 43.15
    22 24.46
    23 41.31
    24 41.81
    25 43.15
    26 24.46
    27 41.31
    28 41.81
    29 43.15
    30 24.46
    31 41.31
    32 41.81
    33 43.15
    34 24.46
    35 41.31
    36 41.81
    37 43.15
    38 24.46
    39 41.31
    40 41.81
    41 43.15
    42 24.46
    43 41.31
    44 41.81
    45 43.15
    46 24.46
    47 41.31
    48 41.81
    49 43.15
    50 24.46
    51 41.31
    52 41.81
    53 43.15
    54 24.46
    55 41.31
    56 41.81
    57 43.15
    58 24.46
    59 41.31
    60 41.81
    61 43.15
    62 24.46
    63 41.31
    64 41.81
    65 43.15
    66 24.46
    67 41.31
    68 41.81
    69 43.15
    70 24.46
    71 41.31
    72 41.81
    73 43.15
    74 24.46
    75 41.31
    76 41.81
    77 43.15
    78 24.46
    79 41.31
    80 41.81
    81 43.15
    82 24.46
    83 41.31
    84 41.81
    85 29.21
    86 49.75
    87 40.77
    88 12.47
    89 29.21
    90 49.75
    91 40.77
    92 12.47
    93 29.21
    94 49.75
    95 40.77
    96 12.47
    97 29.21
    98 49.75
    99 40.77
    100 12.47
    101 29.21
    102 49.75
    103 40.77
    104 12.47
    105 29.21
    106 49.75
    107 40.77
    108 12.47
    109 29.21
    110 49.75
    111 40.77
    112 12.47
    113 29.21
    114 49.75
    115 40.77
    116 12.47
    117 29.21
    118 49.75
    119 40.77
    120 12.47
    121 29.21
    122 49.75
    123 40.77
    124 12.47
    125 29.21
    126 49.75
    127 40.77
    128 12.47
    129 29.21
    130 49.75
    131 40.77
    132 12.47
    133 29.21
    134 49.75
    135 40.77
    136 12.47
    137 29.21
    138 49.75
    139 40.77
    140 12.47
    141 29.21
    142 49.75
    143 40.77
    144 12.47
    145 29.21
    146 49.75
    147 40.77
    148 12.47
    149 29.21
    150 49.75
    151 40.77
    152 12.47
    153 29.21
    154 49.75
    155 40.77
    156 12.47
    157 29.21
    158 49.75
    159 40.77
    160 12.47
    161 29.21
    162 49.75
    163 40.77
    164 12.47
    165 29.21
    166 49.75
    167 40.77
    168 12.47
    169 29.21
    170 49.75
    171 40.77
    172 12.47
    173 29.21
    174 49.75
    175 40.77
    176 12.47
    177 29.21
    178 49.75
    179 40.77
    180 12.47
    181 29.21
    182 49.75
    183 40.77
    184 12.47
    185 29.21
    186 49.75
    187 40.77
    188 12.47
    189 29.21
    190 49.75
    191 40.77
    192 12.47
    193 29.21
    194 49.75
    195 40.77
    196 12.47
    197 29.21
    198 49.75
    199 40.77
    200 12.47
    201 29.21
    202 49.75
    203 40.77
    204 12.47
    205 29.21
    206 49.75
    207 40.77
    208 12.47
    209 29.21
    210 49.75
    211 40.77
    212 12.47
    213 29.21
    214 49.75
    215 40.77
    216 12.47
    217 29.21
    218 49.75
    219 40.77
    220 12.47
    221 29.21
    222 49.75
    223 40.77
    224 12.47
    225 29.21
    226 49.75
    227 40.77
    228 12.47
    229 29.21
    230 49.75
    231 40.77
    232 12.47
    233 29.21
    234 49.75
    235 40.77
    236 12.47
    237 29.21
    238 49.75
    239 40.77
    240 12.47
    241 29.21
    242 49.75
    243 40.77
    244 12.47
    245 29.21
    246 49.75
    247 40.77
    248 12.47
    249 29.21
    250 49.75
    251 40.77
    252 12.47
    253 29.21
    254 49.75
    255 40.77
    256 12.47
    257 29.21
    258 49.75
    259 40.77
    260 12.47
    261 29.21
    262 49.75
    263 40.77
    264 12.47
    265 29.21
    266 49.75
    267 40.77
    268 12.47
    269 29.21
    270 49.75
    271 40.77
    272 12.47
    273 29.21
    274 49.75
    275 40.77
    276 12.47
    277 29.21
    278 49.75
    279 40.77
    280 12.47
    281 29.21
    282 49.75
    283 40.77
    284 12.47
    285 29.21
    286 49.75
    287 40.77
    288 12.47
    289 29.21
    290 49.75
    291 40.77
    292 12.47
    293 29.21
    294 49.75
    295 40.77
    296 12.47
    297 29.21
    298 49.75
    299 40.77
    300 12.47
    301 29.21
    302 49.75
    303 40.77
    304 12.47
    305 29.21
    306 49.75
    307 40.77
    308 12.47
    309 29.21
    310 49.75
    311 40.77
    312 12.47
    313 29.21
    314 49.75
    315 40.77
    316 12.47
    317 29.21
    318 49.75
    319 40.77
    320 12.47
    321 29.21
    322 49.75
    323 40.77
    324 12.47
    325 29.21
    326 49.75
    327 40.77
    328 12.47
    329 29.21
    330 49.75
    331 40.77
    332 12.47
    333 29.21
    334 49.75
    335 40.77
    336 12.47
    337 29.21
    338 49.75
    339 40.77
    340 12.47
    341 14.64
    342 33.52
    343 18.63
    344 12.31
    345 14.64
    346 33.52
    347 18.63
    348 12.31
    349 14.64
    350 33.52
    351 18.63
    352 12.31
    353 14.64
    354 33.52
    355 18.63
    356 12.31
    357 14.64
    358 33.52
    359 18.63
    360 12.31
    361 14.64
    362 33.52
    363 18.63
    364 12.31
    365 14.64
    366 33.52
    367 18.63
    368 12.31
    369 14.64
    370 33.52
    371 18.63
    372 12.31
    373 14.64
    374 33.52
    375 18.63
    376 12.31
    377 14.64
    378 33.52
    379 18.63
    380 12.31
    381 14.64
    382 33.52
    383 18.63
    384 12.31
    385 14.64
    386 33.52
    387 18.63
    388 12.31
    389 14.64
    390 33.52
    391 18.63
    392 12.31
    393 14.64
    394 33.52
    395 18.63
    396 12.31
    397 14.64
    398 33.52
    399 18.63
    400 12.31
    401 14.64
    402 33.52
    403 18.63
    404 12.31
    405 14.64
    406 33.52
    407 18.63
    408 12.31
    409 14.64
    410 33.52
    411 18.63
    412 12.31
    413 14.64
    414 33.52
    415 18.63
    416 12.31
    417 14.64
    418 33.52
    419 18.63
    420 12.31
    421 14.64
    422 33.52
    423 18.63
    424 12.31
    425 14.64
    426 33.52
    427 18.63
    428 12.31
    429 14.64
    430 33.52
    431 18.63
    432 12.31
    433 14.64
    434 33.52
    435 18.63
    436 12.31
    437 14.64
    438 33.52
    439 18.63
    440 12.31
    441 14.64
    442 33.52
    443 18.63
    444 12.31
    445 14.64
    446 33.52
    447 18.63
    448 12.31
    449 14.64
    450 33.52
    451 18.63
    452 12.31
    453 14.64
    454 33.52
    455 18.63
    456 12.31
    457 14.64
    458 33.52
    459 18.63
    460 12.31
    461 14.64
    462 33.52
    463 18.63
    464 12.31
    465 14.64
    466 33.52
    467 18.63
    468 12.31
    469 14.64
    470 33.52
    471 18.63
    472 12.31
    473 14.64
    474 33.52
    475 18.63
    476 12.31
    477 14.64
    478 33.52
    479 18.63
    480 12.31
    481 14.64
    482 33.52
    483 18.63
    484 12.31
    485 14.64
    486 33.52
    487 18.63
    488 12.31
    489 14.64
    490 33.52
    491 18.63
    492 12.31
    493 14.64
    494 33.52
    495 18.63
    496 12.31
    497 14.64
    498 33.52
    499 18.63
    500 12.31
    501 14.64
    502 33.52
    503 18.63
    504 12.31
    505 14.64
    506 33.52
    507 18.63
    508 12.31
    509 14.64
    510 33.52
    511 18.63
    512 12.31
    513 14.64
    514 33.52
    515 18.63
    516 12.31
    517 14.64
    518 33.52
    519 18.63
    520 12.31
    521 14.64
    522 33.52
    523 18.63
    524 12.31
    525 14.64
    526 33.52
    527 18.63
    528 12.31
    529 14.64
    530 33.52
    531 18.63
    532 12.31
    533 14.64
    534 33.52
    535 18.63
    536 12.31
    537 14.64
    538 33.52
    539 18.63
    540 12.31
    541 14.64
    542 33.52
    543 18.63
    544 12.31
    545 14.64
    546 33.52
    547 18.63
    548 12.31
    549 14.64
    550 33.52
    551 18.63
    552 12.31
    553 14.64
    554 33.52
    555 18.63
    556 12.31
    557 14.64
    558 33.52
    559 18.63
    560 12.31
    561 14.64
    562 33.52
    563 18.63
    564 12.31
    565 14.64
    566 33.52
    567 18.63
    568 12.31
    569 14.64
    570 33.52
    571 18.63
    572 12.31
    573 14.64
    574 33.52
    575 18.63
    576 12.31
    577 14.64
    578 33.52
    579 18.63
    580 12.31
    581 14.64
    582 33.52
    583 18.63
    584 12.31
    585 14.64
    586 33.52
    587 18.63
    588 12.31
    589 14.64
    590 33.52
    591 18.63
    592 12.31
    593 14.64
    594 33.52
    595 18.63
    596 12.31
    597 14.64
    598 33.52
    599 18.63
    600 12.31
    601 14.64
    602 33.52
    603 18.63
    604 12.31
    605 14.64
    606 33.52
    607 18.63
    608 12.31
    609 14.64
    610 33.52
    611 18.63
    612 12.31
    613 14.64
    614 33.52
    615 18.63
    616 12.31
    617 14.64
    618 33.52
    619 18.63
    620 12.31
    621 14.64
    622 33.52
    623 18.63
    624 12.31
    625 14.64
    626 33.52
    627 18.63
    628 12.31
    629 14.64
    630 33.52
    631 18.63
    632 12.31
    633 14.64
    634 33.52
    635 18.63
    636 12.31
    637 14.64
    638 33.52
    639 18.63
    640 12.31
    641 14.64
    642 33.52
    643 18.63
    644 12.31
    645 14.64
    646 33.52
    647 18.63
    648 12.31
    649 14.64
    650 33.52
    651 18.63
    652 12.31
    653 14.64
    654 33.52
    655 18.63
    656 12.31
    657 14.64
    658 33.52
    659 18.63
    660 12.31
    661 14.64
    662 33.52
    663 18.63
    664 12.31
    665 14.64
    666 33.52
    667 18.63
    668 12.31
    669 14.64
    670 33.52
    671 18.63
    672 12.31
    673 14.64
    674 33.52
    675 18.63
    676 12.31
    677 14.64
    678 33.52
    679 18.63
    680 12.31
    681 14.64
    682 33.52
    683 18.63
    684 12.31
    685 14.64
    686 33.52
    687 18.63
    688 12.31
    689 14.64
    690 33.52
    691 18.63
    692 12.31
    693 14.64
    694 33.52
    695 18.63
    696 12.31
    697 14.64
    698 33.52
    699 18.63
    700 12.31
    701 14.64
    702 33.52
    703 18.63
    704 12.31
    705 14.64
    706 33.52
    707 18.63
    708 12.31
    709 14.64
    710 33.52
    711 18.63
    712 12.31
    713 14.64
    714 33.52
    715 18.63
    716 12.31
    717 14.64
    718 33.52
    719 18.63
    720 12.31
    721 14.64
    722 33.52
    723 18.63
    724 12.31
    725 14.64
    726 33.52
    727 18.63
    728 12.31
    729 14.64
    730 33.52
    731 18.63
    732 12.31
    733 14.64
    734 33.52
    735 18.63
    736 12.31
    737 14.64
    738 33.52
    739 18.63
    740 12.31
    741 14.64
    742 33.52
    743 18.63
    744 12.31
    745 14.64
    746 33.52
    747 18.63
    748 12.31
    749 14.64
    750 33.52
    751 18.63
    752 12.31
    753 14.64
    754 33.52
    755 18.63
    756 12.31
    757 14.64
    758 33.52
    759 18.63
    760 12.31
    761 14.64
    762 33.52
    763 18.63
    764 12.31
    765 14.64
    766 33.52
    767 18.63
    768 12.31
    769 14.64
    770 33.52
    771 18.63
    772 12.31
    773 14.64
    774 33.52
    775 18.63
    776 12.31
    777 14.64
    778 33.52
    779 18.63
    780 12.31
    781 14.64
    782 33.52
    783 18.63
    784 12.31
    785 14.64
    786 33.52
    787 18.63
    788 12.31
    789 14.64
    790 33.52
    791 18.63
    792 12.31
    793 14.64
    794 33.52
    795 18.63
    796 12.31
    797 14.64
    798 33.52
    799 18.63
    800 12.31
    801 14.64
    802 33.52
    803 18.63
    804 12.31
    805 14.64
    806 33.52
    807 18.63
    808 12.31
    809 14.64
    810 33.52
    811 18.63
    812 12.31
    813 14.64
    814 33.52
    815 18.63
    816 12.31
    817 14.64
    818 33.52
    819 18.63
    820 12.31
    821 14.64
    822 33.52
    823 18.63
    824 12.31
    825 14.64
    826 33.52
    827 18.63
    828 12.31
    829 14.64
    830 33.52
    831 18.63
    832 12.31
    833 14.64
    834 33.52
    835 18.63
    836 12.31
    837 14.64
    838 33.52
    839 18.63
    840 12.31
    841 14.64
    842 33.52
    843 18.63
    844 12.31
    845 14.64
    846 33.52
    847 18.63
    848 12.31
    849 14.64
    850 33.52
    851 18.63
    852 12.31
    853 14.64
    854 33.52
    855 18.63
    856 12.31
    857 14.64
    858 33.52
    859 18.63
    860 12.31
    861 14.64
    862 33.52
    863 18.63
    864 12.31
    865 14.64
    866 33.52
    867 18.63
    868 12.31
    869 14.64
    870 33.52
    871 18.63
    872 12.31
    873 14.64
    874 33.52
    875 18.63
    876 12.31
    877 14.64
    878 33.52
    879 18.63
    880 12.31
    881 14.64
    882 33.52
    883 18.63
    884 12.31
    885 14.64
    886 33.52
    887 18.63
    888 12.31
    889 14.64
    890 33.52
    891 18.63
    892 12.31
    893 14.64
    894 33.52
    895 18.63
    896 12.31
    897 14.64
    898 33.52
    899 18.63
    900 12.31
    901 14.64
    902 33.52
    903 18.63
    904 12.31
    905 14.64
    906 33.52
    907 18.63
    908 12.31
    909 14.64
    910 33.52
    911 18.63
    912 12.31
    913 14.64
    914 33.52
    915 18.63
    916 12.31
    917 14.64
    918 33.52
    919 18.63
    920 12.31
    921 14.64
    922 33.52
    923 18.63
    924 12.31
    925 14.64
    926 33.52
    927 18.63
    928 12.31
    929 14.64
    930 33.52
    931 18.63
    932 12.31
    933 14.64
    934 33.52
    935 18.63
    936 12.31
    937 14.64
    938 33.52
    939 18.63
    940 12.31
    941 14.64
    942 33.52
    943 18.63
    944 12.31
    945 14.64
    946 33.52
    947 18.63
    948 12.31
    949 14.64
    950 33.52
    951 18.63
    952 12.31
    953 14.64
    954 33.52
    955 18.63
    956 12.31
    957 14.64
    958 33.52
    959 18.63
    960 12.31
    961 14.64
    962 33.52
    963 18.63
    964 12.31
    965 14.64
    966 33.52
    967 18.63
    968 12.31
    969 14.64
    970 33.52
    971 18.63
    972 12.31
    973 14.64
    974 33.52
    975 18.63
    976 12.31
    977 14.64
    978 33.52
    979 18.63
    980 12.31
    981 14.64
    982 33.52
    983 18.63
    984 12.31
    985 14.64
    986 33.52
    987 18.63
    988 12.31
    989 14.64
    990 33.52
    991 18.63
    992 12.31
    993 14.64
    994 33.52
    995 18.63
    996 12.31
    997 14.64
    998 33.52
    999 18.63
    1000 12.31
    1001 14.64
    1002 33.52
    1003 18.63
    1004 12.31
    1005 14.64
    1006 33.52
    1007 18.63
    1008 12.31
    1009 14.64
    1010 33.52
    1011 18.63
    1012 12.31
    1013 14.64
    1014 33.52
    1015 18.63
    1016 12.31
    1017 14.64
    1018 33.52
    1019 18.63
    1020 12.31
    1021 14.64
    1022 33.52
    1023 18.63
    1024 12.31
    1025 14.64
    1026 33.52
    1027 18.63
    1028 12.31
    1029 14.64
    1030 33.52
    1031 18.63
    1032 12.31
    1033 14.64
    1034 33.52
    1035 18.63
    1036 12.31
    1037 14.64
    1038 33.52
    1039 18.63
    1040 12.31
    1041 14.64
    1042 33.52
    1043 18.63
    1044 12.31
    1045 14.64
    1046 33.52
    1047 18.63
    1048 12.31
    1049 14.64
    1050 33.52
    1051 18.63
    1052 12.31
    1053 14.64
    1054 33.52
    1055 18.63
    1056 12.31
    1057 14.64
    1058 33.52
    1059 18.63
    1060 12.31
    1061 14.64
    1062 33.52
    1063 18.63
    1064 12.31
    1065 14.64
    1066 33.52
    1067 18.63
    1068 12.31
    1069 14.64
    1070 33.52
    1071 18.63
    1072 12.31
    1073 14.64
    1074 33.52
    1075 18.63
    1076 12.31
    1077 14.64
    1078 33.52
    1079 18.63
    1080 12.31
    1081 14.64
    1082 33.52
    1083 18.63
    1084 12.31
    1085 14.64
    1086 33.52
    1087 18.63
    1088 12.31
    1089 14.64
    1090 33.52
    1091 18.63
    1092 12.31
    1093 14.64
    1094 33.52
    1095 18.63
    1096 12.31
    1097 14.64
    1098 33.52
    1099 18.63
    1100 12.31
    1101 14.64
    1102 33.52
    1103 18.63
    1104 12.31
    1105 14.64
    1106 33.52
    1107 18.63
    1108 12.31
    1109 14.64
    1110 33.52
    1111 18.63
    1112 12.31
    1113 14.64
    1114 33.52
    1115 18.63
    1116 12.31
    1117 14.64
    1118 33.52
    1119 18.63
    1120 12.31
    1121 14.64
    1122 33.52
    1123 18.63
    1124 12.31
    1125 14.64
    1126 33.52
    1127 18.63
    1128 12.31
    1129 14.64
    1130 33.52
    1131 18.63
    1132 12.31
    1133 14.64
    1134 33.52
    1135 18.63
    1136 12.31
    1137 14.64
    1138 33.52
    1139 18.63
    1140 12.31
    1141 14.64
    1142 33.52
    1143 18.63
    1144 12.31
    1145 14.64
    1146 33.52
    1147 18.63
    1148 12.31
    1149 14.64
    1150 33.52
    1151 18.63
    1152 12.31
    1153 14.64
    1154 33.52
    1155 18.63
    1156 12.31
    1157 14.64
    1158 33.52
    1159 18.63
    1160 12.31
    1161 14.64
    1162 33.52
    1163 18.63
    1164 12.31
    1165 14.64
    1166 33.52
    1167 18.63
    1168 12.31
    1169 14.64
    1170 33.52
    1171 18.63
    1172 12.31
    1173 14.64
    1174 33.52
    1175 18.63
    1176 12.31
    1177 14.64
    1178 33.52
    1179 18.63
    1180 12.31
    1181 14.64
    1182 33.52
    1183 18.63
    1184 12.31
    1185 14.64
    1186 33.52
    1187 18.63
    1188 12.31
    1189 14.64
    1190 33.52
    1191 18.63
    1192 12.31
    1193 14.64
    1194 33.52
    1195 18.63
    1196 12.31
    1197 14.64
    1198 33.52
    1199 18.63
    1200 12.31
    1201 14.64
    1202 33.52
    1203 18.63
    1204 12.31
    1205 14.64
    1206 33.52
    1207 18.63
    1208 12.31
    1209 14.64
    1210 33.52
    1211 18.63
    1212 12.31
    1213 14.64
    1214 33.52
    1215 18.63
    1216 12.31
    1217 14.64
    1218 33.52
    1219 18.63
    1220 12.31
    1221 14.64
    1222 33.52
    1223 18.63
    1224 12.31
    1225 14.64
    1226 33.52
    1227 18.63
    1228 12.31
    1229 14.64
    1230 33.52
    1231 18.63
    1232 12.31
    1233 14.64
    1234 33.52
    1235 18.63
    1236 12.31
    1237 14.64
    1238 33.52
    1239 18.63
    1240 12.31
    1241 14.64
    1242 33.52
    1243 18.63
    1244 12.31
    1245 14.64
    1246 33.52
    1247 18.63
    1248 12.31
    1249 14.64
    1250 33.52
    1251 18.63
    1252 12.31
    1253 14.64
    1254 33.52
    1255 18.63
    1256 12.31
    1257 14.64
    1258 33.52
    1259 18.63
    1260 12.31
    1261 14.64
    1262 33.52
    1263 18.63
    1264 12.31
    1265 14.64
    1266 33.52
    1267 18.63
    1268 12.31
    1269 14.64
    1270 33.52
    1271 18.63
    1272 12.31
    1273 14.64
    1274 33.52
    1275 18.63
    1276 12.31
    1277 14.64
    1278 33.52
    1279 18.63
    1280 12.31
    1281 14.64
    1282 33.52
    1283 18.63
    1284 12.31
    1285 14.64
    1286 33.52
    1287 18.63
    1288 12.31
    1289 14.64
    1290 33.52
    1291 18.63
    1292 12.31
    1293 14.64
    1294 33.52
    1295 18.63
    1296 12.31
    1297 14.64
    1298 33.52
    1299 18.63
    1300 12.31
    1301 14.64
    1302 33.52
    1303 18.63
    1304 12.31
    1305 14.64
    1306 33.52
    1307 18.63
    1308 12.31
    1309 14.64
    1310 33.52
    1311 18.63
    1312 12.31
    1313 14.64
    1314 33.52
    1315 18.63
    1316 12.31
    1317 14.64
    1318 33.52
    1319 18.63
    1320 12.31
    1321 14.64
    1322 33.52
    1323 18.63
    1324 12.31
    1325 14.64
    1326 33.52
    1327 18.63
    1328 12.31
    1329 14.64
    1330 33.52
    1331 18.63
    1332 12.31
    1333 14.64
    1334 33.52
    1335 18.63
    1336 12.31
    1337 14.64
    1338 33.52
    1339 18.63
    1340 12.31
    1341 14.64
    1342 33.52
    1343 18.63
    1344 12.31
    1345 14.64
    1346 33.52
    1347 18.63
    1348 12.31
    1349 14.64
    1350 33.52
    1351 18.63
    1352 12.31
    1353 14.64
    1354 33.52
    1355 18.63
    1356 12.31
    1357 14.64
    1358 33.52
    1359 18.63
    1360 12.31
    1361 14.64
    1362 33.52
    1363 18.63
    1364 12.31;
param h :=
    1 1.00
    2 1.00
    3 1.00
    4 1.00
    5 1.00
    6 1.00;
param p :=
    0 1.0000000000
    1 0.3934434475
    2 0.0973633935
    3 0.4108553267
    4 0.0983378323
    5 0.0044905005
    6 0.1517717696
    7 0.1416934209
    8 0.0954877564
    9 0.0011112407
    10 0.0375581666
    11 0.0350641303
    12 0.0236298560
    13 0.0046892281
    14 0.1584884445
    15 0.1479640775
    16 0.0997135766
    17 0.0011223623
    18 0.0379340587
    19 0.0354150614
    20 0.0238663499
    21 0.0007890876
    22 0.0000134738
    23 0.0004598137
    24 0.0032281255
    25 0.0266699033
    26 0.0004553920
    27 0.0155409698
    28 0.1091055046
    29 0.0248988981
    30 0.0004251518
    31 0.0145089774
    32 0.1018603936
    33 0.0167794659
    34 0.0002865115
    35 0.0097776572
    36 0.0686441219
    37 0.0001952714
    38 0.0000033343
    39 0.0001137877
    40 0.0007988474
    41 0.0065998616
    42 0.0001126935
    43 0.0038458426
    44 0.0269997690
    45 0.0061616002
    46 0.0001052101
    47 0.0035904608
    48 0.0252068592
    49 0.0041523267
    50 0.0000709015
    51 0.0024196257
    52 0.0169870021
    53 0.0008240087
    54 0.0000140701
    55 0.0004801628
    56 0.0033709865
    57 0.0278501825
    58 0.0004755454
    59 0.0162287369
    60 0.1139339797
    61 0.0260008013
    62 0.0004439670
    63 0.0151510736
    64 0.1063682355
    65 0.0175220428
    66 0.0002991911
    67 0.0102103684
    68 0.0716819744
    69 0.0001972257
    70 0.0000033677
    71 0.0001149265
    72 0.0008068424
    73 0.0066659147
    74 0.0001138213
    75 0.0038843328
    76 0.0272699898
    77 0.0062232671
    78 0.0001062631
    79 0.0036263951
    80 0.0254591362
    81 0.0041938843
    82 0.0000716111
    83 0.0024438420
    84 0.0171570125
    85 0.0000171700
    86 0.0001726290
    87 0.0002185133
    88 0.0003807753
    89 0.0000002932
    90 0.0000029477
    91 0.0000037311
    92 0.0000065018
    93 0.0000100052
    94 0.0001005936
    95 0.0001273311
    96 0.0002218837
    97 0.0000702417
    98 0.0007062184
    99 0.0008939292
    100 0.0015577363
    101 0.0005803177
    102 0.0058345859
    103 0.0073854019
    104 0.0128695978
    105 0.0000099090
    106 0.0000996263
    107 0.0001261067
    108 0.0002197500
    109 0.0003381602
    110 0.0033999044
    111 0.0043035892
    112 0.0074993159
    113 0.0023740566
    114 0.0238690568
    115 0.0302133828
    116 0.0526490085
    117 0.0005417819
    118 0.0054471423
    119 0.0068949770
    120 0.0120149969
    121 0.0000092510
    122 0.0000930106
    123 0.0001177326
    124 0.0002051576
    125 0.0003157048
    126 0.0031741350
    127 0.0040178109
    128 0.0070013266
    129 0.0022164082
    130 0.0222840408
    131 0.0282070742
    132 0.0491528704
    133 0.0003651090
    134 0.0036708507
    135 0.0046465522
    136 0.0080969539
    137 0.0000062343
    138 0.0000626802
    139 0.0000793405
    140 0.0001382565
    141 0.0002127547
    142 0.0021390621
    143 0.0027076187
    144 0.0047182217
    145 0.0014936463
    146 0.0150173032
    147 0.0190088588
    148 0.0331243136
    149 0.0000042490
    150 0.0000427196
    151 0.0000540743
    152 0.0000942285
    153 0.0000000726
    154 0.0000007294
    155 0.0000009233
    156 0.0000016090
    157 0.0000024759
    158 0.0000248934
    159 0.0000315100
    160 0.0000549084
    161 0.0000173823
    162 0.0001747642
    163 0.0002212160
    164 0.0003854849
    165 0.0001436082
    166 0.0014438545
    167 0.0018276268
    168 0.0031847721
    169 0.0000024521
    170 0.0000246540
    171 0.0000312070
    172 0.0000543804
    173 0.0000836827
    174 0.0008413566
    175 0.0010649867
    176 0.0018558165
    177 0.0005874954
    178 0.0059067507
    179 0.0074767479
    180 0.0130287749
    181 0.0001340719
    182 0.0013479758
    183 0.0017062639
    184 0.0029732885
    185 0.0000022893
    186 0.0000230169
    187 0.0000291347
    188 0.0000507693
    189 0.0000781258
    190 0.0007854866
    191 0.0009942667
    192 0.0017325817
    193 0.0005484830
    194 0.0055145151
    195 0.0069802572
    196 0.0121636039
    197 0.0000903516
    198 0.0009084062
    199 0.0011498580
    200 0.0020037109
    201 0.0000015428
    202 0.0000155112
    203 0.0000196340
    204 0.0000342136
    205 0.0000526493
    206 0.0005293425
    207 0.0006700402
    208 0.0011675937
    209 0.0003696248
    210 0.0037162535
    211 0.0047040229
    212 0.0081971008
    213 0.0000179298
    214 0.0001802687
    215 0.0002281836
    216 0.0003976265
    217 0.0000003062
    218 0.0000030781
    219 0.0000038963
    220 0.0000067895
    221 0.0000104480
    222 0.0001050454
    223 0.0001329662
    224 0.0002317032
    225 0.0000733502
    226 0.0007374721
    227 0.0009334901
    228 0.0016266741
    229 0.0006059998
    230 0.0060927961
    231 0.0077122436
    232 0.0134391431
    233 0.0000103475
    234 0.0001040353
    235 0.0001316875
    236 0.0002294751
    237 0.0003531255
    238 0.0035503676
    239 0.0044940449
    240 0.0078311989
    241 0.0024791207
    242 0.0249253843
    243 0.0315504791
    244 0.0549789956
    245 0.0005657586
    246 0.0056882062
    247 0.0072001148
    248 0.0125467218
    249 0.0000096604
    250 0.0000971268
    251 0.0001229429
    252 0.0002142369
    253 0.0003296764
    254 0.0033146067
    255 0.0041956195
    256 0.0073111710
    257 0.0023144956
    258 0.0232702233
    259 0.0294553811
    260 0.0513281356
    261 0.0003812669
    262 0.0038333046
    263 0.0048521859
    264 0.0084552854
    265 0.0000065102
    266 0.0000654542
    267 0.0000828517
    268 0.0001443751
    269 0.0002221702
    270 0.0022337266
    271 0.0028274446
    272 0.0049270270
    273 0.0015597477
    274 0.0156818955
    275 0.0198500977
    276 0.0345902334
    277 0.0000042915
    278 0.0000431471
    279 0.0000546155
    280 0.0000951715
    281 0.0000000733
    282 0.0000007367
    283 0.0000009326
    284 0.0000016251
    285 0.0000025007
    286 0.0000251425
    287 0.0000318253
    288 0.0000554579
    289 0.0000175563
    290 0.0001765133
    291 0.0002234300
    292 0.0003893429
    293 0.0001450455
    294 0.0014583049
    295 0.0018459182
    296 0.0032166461
    297 0.0000024767
    298 0.0000249007
    299 0.0000315193
    300 0.0000549246
    301 0.0000845203
    302 0.0008497771
    303 0.0010756454
    304 0.0018743900
    305 0.0005933752
    306 0.0059658671
    307 0.0075515772
    308 0.0131591704
    309 0.0001354138
    310 0.0013614667
    311 0.0017233407
    312 0.0030030459
    313 0.0000023122
    314 0.0000232472
    315 0.0000294263
    316 0.0000512774
    317 0.0000789077
    318 0.0007933480
    319 0.0010042176
    320 0.0017499218
    321 0.0005539723
    322 0.0055697058
    323 0.0070501175
    324 0.0122853405
    325 0.0000912559
    326 0.0009174978
    327 0.0011613661
    328 0.0020237645
    329 0.0000015582
    330 0.0000156664
    331 0.0000198305
    332 0.0000345560
    333 0.0000531762
    334 0.0005346403
    335 0.0006767462
    336 0.0011792792
    337 0.0003733241
    338 0.0037534468
    339 0.0047511020
    340 0.0082791395
    341 0.0000062007
    342 0.0000011619
    343 0.0000069897
    344 0.0000028176
    345 0.0000623431
    346 0.0000116814
    347 0.0000702758
    348 0.0000283288
    349 0.0000789137
    350 0.0000147863
    351 0.0000889549
    352 0.0000358585
    353 0.0001375128
    354 0.0000257661
    355 0.0001550103
    356 0.0000624860
    357 0.0000001059
    358 0.0000000198
    359 0.0000001194
    360 0.0000000481
    361 0.0000010645
    362 0.0000001995
    363 0.0000012000
    364 0.0000004837
    365 0.0000013475
    366 0.0000002525
    367 0.0000015189
    368 0.0000006123
    369 0.0000023480
    370 0.0000004400
    371 0.0000026468
    372 0.0000010670
    373 0.0000036133
    374 0.0000006770
    375 0.0000040730
    376 0.0000016419
    377 0.0000363283
    378 0.0000068069
    379 0.0000409508
    380 0.0000165076
    381 0.0000459842
    382 0.0000086162
    383 0.0000518354
    384 0.0000208953
    385 0.0000801308
    386 0.0000150143
    387 0.0000903270
    388 0.0000364116
    389 0.0000253670
    390 0.0000047531
    391 0.0000285948
    392 0.0000115268
    393 0.0002550429
    394 0.0000477881
    395 0.0002874955
    396 0.0001158919
    397 0.0003228326
    398 0.0000604900
    399 0.0003639109
    400 0.0001466956
    401 0.0005625592
    402 0.0001054082
    403 0.0006341411
    404 0.0002556278
    405 0.0002095753
    406 0.0000392687
    407 0.0002362424
    408 0.0000952313
    409 0.0021070961
    410 0.0003948122
    411 0.0023752100
    412 0.0009574677
    413 0.0026671561
    414 0.0004997521
    415 0.0030065339
    416 0.0012119598
    417 0.0046477127
    418 0.0008708542
    419 0.0052391031
    420 0.0021119278
    421 0.0000035785
    422 0.0000006705
    423 0.0000040339
    424 0.0000016261
    425 0.0000359789
    426 0.0000067415
    427 0.0000405570
    428 0.0000163489
    429 0.0000455420
    430 0.0000085333
    431 0.0000513369
    432 0.0000206944
    433 0.0000793603
    434 0.0000148699
    435 0.0000894584
    436 0.0000360614
    437 0.0001221228
    438 0.0000228825
    439 0.0001376621
    440 0.0000554928
    441 0.0012278378
    442 0.0002300632
    443 0.0013840720
    444 0.0005579314
    445 0.0015541936
    446 0.0002912134
    447 0.0017519543
    448 0.0007062279
    449 0.0027082949
    450 0.0005074604
    451 0.0030529073
    452 0.0012306533
    453 0.0008573642
    454 0.0001606466
    455 0.0009664581
    456 0.0003895876
    457 0.0086200456
    458 0.0016151607
    459 0.0097168887
    460 0.0039169619
    461 0.0109112286
    462 0.0020444657
    463 0.0122996095
    464 0.0049580790
    465 0.0190136064
    466 0.0035626296
    467 0.0214329606
    468 0.0086398118
    469 0.0001956586
    470 0.0000366611
    471 0.0002205548
    472 0.0000889075
    473 0.0019671751
    474 0.0003685948
    475 0.0022174850
    476 0.0008938874
    477 0.0024900446
    478 0.0004665662
    479 0.0028068861
    480 0.0011314801
    481 0.0043390831
    482 0.0008130254
    483 0.0048912024
    484 0.0019716860
    485 0.0000033409
    486 0.0000006260
    487 0.0000037660
    488 0.0000015181
    489 0.0000335898
    490 0.0000062938
    491 0.0000378638
    492 0.0000152632
    493 0.0000425178
    494 0.0000079667
    495 0.0000479279
    496 0.0000193202
    497 0.0000740904
    498 0.0000138825
    499 0.0000835179
    500 0.0000336668
    501 0.0001140133
    502 0.0000213630
    503 0.0001285207
    504 0.0000518078
    505 0.0011463037
    506 0.0002147860
    507 0.0012921632
    508 0.0005208822
    509 0.0014509879
    510 0.0002718754
    511 0.0016356164
    512 0.0006593311
    513 0.0025284516
    514 0.0004737626
    515 0.0028501801
    516 0.0011489323
    517 0.0008004313
    518 0.0001499789
    519 0.0009022808
    520 0.0003637172
    521 0.0080476346
    522 0.0015079065
    523 0.0090716423
    524 0.0036568575
    525 0.0101866725
    526 0.0019087037
    527 0.0114828584
    528 0.0046288396
    529 0.0177510149
    530 0.0033260545
    531 0.0200097127
    532 0.0080660883
    533 0.0001318551
    534 0.0000247060
    535 0.0001486327
    536 0.0000599151
    537 0.0013256871
    538 0.0002483975
    539 0.0014943719
    540 0.0006023942
    541 0.0016780509
    542 0.0003144208
    543 0.0018915716
    544 0.0007625089
    545 0.0029241252
    546 0.0005479011
    547 0.0032962006
    548 0.0013287270
    549 0.0000022514
    550 0.0000004219
    551 0.0000025379
    552 0.0000010231
    553 0.0000226363
    554 0.0000042414
    555 0.0000255166
    556 0.0000102860
    557 0.0000286529
    558 0.0000053688
    559 0.0000322988
    560 0.0000130199
    561 0.0000499298
    562 0.0000093555
    563 0.0000562830
    564 0.0000226882
    565 0.0000768340
    566 0.0000143966
    567 0.0000866106
    568 0.0000349135
    569 0.0007724986
    570 0.0001447451
    571 0.0008707939
    572 0.0003510245
    573 0.0009778265
    574 0.0001832179
    575 0.0011022484
    576 0.0004443259
    577 0.0017039335
    578 0.0003192705
    579 0.0019207476
    580 0.0007742700
    581 0.0005394138
    582 0.0001010714
    583 0.0006080506
    584 0.0002451105
    585 0.0054233328
    586 0.0010161842
    587 0.0061134156
    588 0.0024643707
    589 0.0068648389
    590 0.0012862830
    591 0.0077383437
    592 0.0031193933
    593 0.0119624791
    594 0.0022414413
    595 0.0134846245
    596 0.0054357688
    597 0.0000015345
    598 0.0000002875
    599 0.0000017297
    600 0.0000006973
    601 0.0000154277
    602 0.0000028907
    603 0.0000173908
    604 0.0000070104
    605 0.0000195284
    606 0.0000036591
    607 0.0000220132
    608 0.0000088737
    609 0.0000340296
    610 0.0000063762
    611 0.0000383596
    612 0.0000154631
    613 0.0000000262
    614 0.0000000049
    615 0.0000000295
    616 0.0000000119
    617 0.0000002634
    618 0.0000000494
    619 0.0000002969
    620 0.0000001197
    621 0.0000003334
    622 0.0000000625
    623 0.0000003759
    624 0.0000001515
    625 0.0000005811
    626 0.0000001089
    627 0.0000006550
    628 0.0000002640
    629 0.0000008942
    630 0.0000001675
    631 0.0000010079
    632 0.0000004063
    633 0.0000089900
    634 0.0000016845
    635 0.0000101339
    636 0.0000040851
    637 0.0000113795
    638 0.0000021322
    639 0.0000128274
    640 0.0000051709
    641 0.0000198296
    642 0.0000037155
    643 0.0000223527
    644 0.0000090106
    645 0.0000062774
    646 0.0000011762
    647 0.0000070762
    648 0.0000028525
    649 0.0000631141
    650 0.0000118259
    651 0.0000711450
    652 0.0000286792
    653 0.0000798897
    654 0.0000149691
    655 0.0000900551
    656 0.0000363020
    657 0.0001392136
    658 0.0000260848
    659 0.0001569276
    660 0.0000632589
    661 0.0000518625
    662 0.0000097176
    663 0.0000584617
    664 0.0000235664
    665 0.0005214321
    666 0.0000977021
    667 0.0005877808
    668 0.0002369395
    669 0.0006600272
    670 0.0001236710
    671 0.0007440112
    672 0.0002999174
    673 0.0011501452
    674 0.0002155057
    675 0.0012964935
    676 0.0005226277
    677 0.0000008856
    678 0.0000001659
    679 0.0000009982
    680 0.0000004024
    681 0.0000089035
    682 0.0000016683
    683 0.0000100364
    684 0.0000040458
    685 0.0000112700
    686 0.0000021117
    687 0.0000127041
    688 0.0000051211
    689 0.0000196389
    690 0.0000036798
    691 0.0000221378
    692 0.0000089239
    693 0.0000302211
    694 0.0000056626
    695 0.0000340665
    696 0.0000137325
    697 0.0003038466
    698 0.0000569325
    699 0.0003425091
    700 0.0001380684
    701 0.0003846082
    702 0.0000720650
    703 0.0004335470
    704 0.0001747665
    705 0.0006702076
    706 0.0001255786
    707 0.0007554870
    708 0.0003045434
    709 0.0002121674
    710 0.0000397544
    711 0.0002391643
    712 0.0000964092
    713 0.0021331576
    714 0.0003996954
    715 0.0024045877
    716 0.0009693101
    717 0.0027001447
    718 0.0005059332
    719 0.0030437201
    720 0.0012269499
    721 0.0047051978
    722 0.0008816253
    723 0.0053039027
    724 0.0021380491
    725 0.0000484186
    726 0.0000090723
    727 0.0000545795
    728 0.0000220015
    729 0.0004868065
    730 0.0000912142
    731 0.0005487494
    732 0.0002212056
    733 0.0006161983
    734 0.0001154587
    735 0.0006946054
    736 0.0002800015
    737 0.0010737702
    738 0.0002011952
    739 0.0012104003
    740 0.0004879228
    741 0.0000008268
    742 0.0000001549
    743 0.0000009320
    744 0.0000003757
    745 0.0000083123
    746 0.0000015575
    747 0.0000093700
    748 0.0000037771
    749 0.0000105217
    750 0.0000019715
    751 0.0000118605
    752 0.0000047811
    753 0.0000183348
    754 0.0000034354
    755 0.0000206677
    756 0.0000083313
    757 0.0000282143
    758 0.0000052866
    759 0.0000318044
    760 0.0000128206
    761 0.0002836698
    762 0.0000531520
    763 0.0003197649
    764 0.0001289000
    765 0.0003590684
    766 0.0000672796
    767 0.0004047574
    768 0.0001631612
    769 0.0006257027
    770 0.0001172396
    771 0.0007053192
    772 0.0002843203
    773 0.0001980785
    774 0.0000371145
    775 0.0002232827
    776 0.0000900072
    777 0.0019915061
    778 0.0003731537
    779 0.0022449119
    780 0.0009049434
    781 0.0025208426
    782 0.0004723369
    783 0.0028416030
    784 0.0011454747
    785 0.0043927509
    786 0.0008230813
    787 0.0049516990
    788 0.0019960727
    789 0.0000326295
    790 0.0000061139
    791 0.0000367814
    792 0.0000148269
    793 0.0003280609
    794 0.0000614696
    795 0.0003698044
    796 0.0001490714
    797 0.0004152585
    798 0.0000778081
    799 0.0004680973
    800 0.0001886941
    801 0.0007236180
    802 0.0001355862
    803 0.0008156935
    804 0.0003288131
    805 0.0000005572
    806 0.0000001044
    807 0.0000006280
    808 0.0000002532
    809 0.0000056017
    810 0.0000010496
    811 0.0000063145
    812 0.0000025454
    813 0.0000070906
    814 0.0000013286
    815 0.0000079928
    816 0.0000032220
    817 0.0000123559
    818 0.0000023152
    819 0.0000139281
    820 0.0000056145
    821 0.0000190137
    822 0.0000035626
    823 0.0000214331
    824 0.0000086399
    825 0.0001911662
    826 0.0000358193
    827 0.0002154908
    828 0.0000868662
    829 0.0002419776
    830 0.0000453400
    831 0.0002727676
    832 0.0001099550
    833 0.0004216635
    834 0.0000790082
    835 0.0004753174
    836 0.0001916045
    837 0.0001334859
    838 0.0000250116
    839 0.0001504711
    840 0.0000606562
    841 0.0013420838
    842 0.0002514698
    843 0.0015128550
    844 0.0006098449
    845 0.0016988058
    846 0.0003183097
    847 0.0019149675
    848 0.0007719400
    849 0.0029602922
    850 0.0005546778
    851 0.0033369695
    852 0.0013451613
    853 0.0000064752
    854 0.0000012133
    855 0.0000072991
    856 0.0000029423
    857 0.0000651021
    858 0.0000121983
    859 0.0000733859
    860 0.0000295825
    861 0.0000824060
    862 0.0000154406
    863 0.0000928916
    864 0.0000374454
    865 0.0001435984
    866 0.0000269064
    867 0.0001618703
    868 0.0000652513
    869 0.0000001106
    870 0.0000000207
    871 0.0000001246
    872 0.0000000502
    873 0.0000011116
    874 0.0000002083
    875 0.0000012531
    876 0.0000005051
    877 0.0000014071
    878 0.0000002637
    879 0.0000015861
    880 0.0000006394
    881 0.0000024520
    882 0.0000004594
    883 0.0000027640
    884 0.0000011142
    885 0.0000037732
    886 0.0000007070
    887 0.0000042533
    888 0.0000017145
    889 0.0000379360
    890 0.0000071082
    891 0.0000427631
    892 0.0000172382
    893 0.0000480193
    894 0.0000089975
    895 0.0000541294
    896 0.0000218200
    897 0.0000836770
    898 0.0000156788
    899 0.0000943244
    900 0.0000380230
    901 0.0000264896
    902 0.0000049634
    903 0.0000298602
    904 0.0000120369
    905 0.0002663299
    906 0.0000499029
    907 0.0003002186
    908 0.0001210207
    909 0.0003371196
    910 0.0000631670
    911 0.0003800158
    912 0.0001531877
    913 0.0005874553
    914 0.0001100731
    915 0.0006622051
    916 0.0002669406
    917 0.0002188501
    918 0.0000410065
    919 0.0002466973
    920 0.0000994458
    921 0.0022003458
    922 0.0004122846
    923 0.0024803251
    924 0.0009998405
    925 0.0027851914
    926 0.0005218687
    927 0.0031395883
    928 0.0012655952
    929 0.0048533977
    930 0.0009093939
    931 0.0054709601
    932 0.0022053914
    933 0.0000037369
    934 0.0000007002
    935 0.0000042124
    936 0.0000016981
    937 0.0000375712
    938 0.0000070398
    939 0.0000423519
    940 0.0000170724
    941 0.0000475575
    942 0.0000089110
    943 0.0000536089
    944 0.0000216102
    945 0.0000828724
    946 0.0000155280
    947 0.0000934173
    948 0.0000376573
    949 0.0001275274
    950 0.0000238951
    951 0.0001437544
    952 0.0000579486
    953 0.0012821759
    954 0.0002402447
    955 0.0014453242
    956 0.0005826227
    957 0.0016229746
    958 0.0003041010
    959 0.0018294872
    960 0.0007374821
    961 0.0028281508
    962 0.0005299181
    963 0.0031880140
    964 0.0012851160
    965 0.0008953070
    966 0.0001677560
    967 0.0010092288
    968 0.0004068289
    969 0.0090015265
    970 0.0016866398
    971 0.0101469106
    972 0.0040903074
    973 0.0113941062
    974 0.0021349437
    975 0.0128439299
    976 0.0051774993
    977 0.0198550555
    978 0.0037202941
    979 0.0223814784
    980 0.0090221676
    981 0.0002043174
    982 0.0000382835
    983 0.0002303155
    984 0.0000928422
    985 0.0020542327
    986 0.0003849070
    987 0.0023156200
    988 0.0009334465
    989 0.0026002417
    990 0.0004872142
    991 0.0029311051
    992 0.0011815538
    993 0.0045311096
    994 0.0008490060
    995 0.0051076630
    996 0.0020589431
    997 0.0000034887
    998 0.0000006537
    999 0.0000039327
    1000 0.0000015853
    1001 0.0000350763
    1002 0.0000065723
    1003 0.0000395395
    1004 0.0000159387
    1005 0.0000443995
    1006 0.0000083192
    1007 0.0000500490
    1008 0.0000201752
    1009 0.0000773693
    1010 0.0000144969
    1011 0.0000872140
    1012 0.0000351567
    1013 0.0001190590
    1014 0.0000223084
    1015 0.0001342084
    1016 0.0000541006
    1017 0.0011970335
    1018 0.0002242913
    1019 0.0013493480
    1020 0.0005439339
    1021 0.0015152015
    1022 0.0002839073
    1023 0.0017080008
    1024 0.0006885099
    1025 0.0026403485
    1026 0.0004947291
    1027 0.0029763151
    1028 0.0011997784
    1029 0.0008358545
    1030 0.0001566163
    1031 0.0009422113
    1032 0.0003798135
    1033 0.0084037835
    1034 0.0015746391
    1035 0.0094731087
    1036 0.0038186921
    1037 0.0106374847
    1038 0.0019931736
    1039 0.0119910335
    1040 0.0048336893
    1041 0.0185365878
    1042 0.0034732494
    1043 0.0208952446
    1044 0.0084230539
    1045 0.0001376903
    1046 0.0000257994
    1047 0.0001552105
    1048 0.0000625667
    1049 0.0013843555
    1050 0.0002593903
    1051 0.0015605055
    1052 0.0006290533
    1053 0.0017523132
    1054 0.0003283355
    1055 0.0019752833
    1056 0.0007962538
    1057 0.0030535327
    1058 0.0005721485
    1059 0.0034420743
    1060 0.0013875299
    1061 0.0000023511
    1062 0.0000004405
    1063 0.0000026502
    1064 0.0000010683
    1065 0.0000236380
    1066 0.0000044291
    1067 0.0000266458
    1068 0.0000107412
    1069 0.0000299210
    1070 0.0000056064
    1071 0.0000337282
    1072 0.0000135961
    1073 0.0000521395
    1074 0.0000097695
    1075 0.0000587739
    1076 0.0000236922
    1077 0.0000802343
    1078 0.0000150337
    1079 0.0000904436
    1080 0.0000364586
    1081 0.0008066856
    1082 0.0001511508
    1083 0.0009093310
    1084 0.0003665592
    1085 0.0010211003
    1086 0.0001913263
    1087 0.0011510285
    1088 0.0004639895
    1089 0.0017793413
    1090 0.0003333999
    1091 0.0020057505
    1092 0.0008085354
    1093 0.0005632856
    1094 0.0001055443
    1095 0.0006349599
    1096 0.0002559578
    1097 0.0056633429
    1098 0.0010611555
    1099 0.0063839654
    1100 0.0025734317
    1101 0.0071686430
    1102 0.0013432076
    1103 0.0080808048
    1104 0.0032574423
    1105 0.0124918798
    1106 0.0023406365
    1107 0.0140813879
    1108 0.0056763293
    1109 0.0000015498
    1110 0.0000002904
    1111 0.0000017470
    1112 0.0000007042
    1113 0.0000155821
    1114 0.0000029197
    1115 0.0000175648
    1116 0.0000070805
    1117 0.0000197238
    1118 0.0000036957
    1119 0.0000222335
    1120 0.0000089625
    1121 0.0000343701
    1122 0.0000064400
    1123 0.0000387435
    1124 0.0000156178
    1125 0.0000000265
    1126 0.0000000050
    1127 0.0000000298
    1128 0.0000000120
    1129 0.0000002661
    1130 0.0000000499
    1131 0.0000002999
    1132 0.0000001209
    1133 0.0000003368
    1134 0.0000000631
    1135 0.0000003796
    1136 0.0000001530
    1137 0.0000005869
    1138 0.0000001100
    1139 0.0000006616
    1140 0.0000002667
    1141 0.0000009031
    1142 0.0000001692
    1143 0.0000010180
    1144 0.0000004104
    1145 0.0000090799
    1146 0.0000017013
    1147 0.0000102353
    1148 0.0000041259
    1149 0.0000114934
    1150 0.0000021535
    1151 0.0000129558
    1152 0.0000052226
    1153 0.0000200280
    1154 0.0000037527
    1155 0.0000225765
    1156 0.0000091008
    1157 0.0000063403
    1158 0.0000011880
    1159 0.0000071470
    1160 0.0000028810
    1161 0.0000637458
    1162 0.0000119442
    1163 0.0000718570
    1164 0.0000289662
    1165 0.0000806893
    1166 0.0000151190
    1167 0.0000909564
    1168 0.0000366653
    1169 0.0001406069
    1170 0.0000263459
    1171 0.0001584982
    1172 0.0000638920
    1173 0.0000523816
    1174 0.0000098149
    1175 0.0000590468
    1176 0.0000238023
    1177 0.0005266507
    1178 0.0000986799
    1179 0.0005936635
    1180 0.0002393109
    1181 0.0006666329
    1182 0.0001249088
    1183 0.0007514575
    1184 0.0003029190
    1185 0.0011616561
    1186 0.0002176626
    1187 0.0013094691
    1188 0.0005278583
    1189 0.0000008944
    1190 0.0000001676
    1191 0.0000010082
    1192 0.0000004064
    1193 0.0000089926
    1194 0.0000016850
    1195 0.0000101369
    1196 0.0000040863
    1197 0.0000113828
    1198 0.0000021328
    1199 0.0000128312
    1200 0.0000051724
    1201 0.0000198354
    1202 0.0000037166
    1203 0.0000223594
    1204 0.0000090132
    1205 0.0000305236
    1206 0.0000057193
    1207 0.0000344075
    1208 0.0000138700
    1209 0.0003068876
    1210 0.0000575023
    1211 0.0003459370
    1212 0.0001394502
    1213 0.0003884574
    1214 0.0000727863
    1215 0.0004378860
    1216 0.0001765156
    1217 0.0006769152
    1218 0.0001268354
    1219 0.0007630481
    1220 0.0003075913
    1221 0.0002142909
    1222 0.0000401522
    1223 0.0002415580
    1224 0.0000973741
    1225 0.0021545068
    1226 0.0004036956
    1227 0.0024286534
    1228 0.0009790112
    1229 0.0027271685
    1230 0.0005109968
    1231 0.0030741824
    1232 0.0012392295
    1233 0.0047522887
    1234 0.0008904489
    1235 0.0053569856
    1236 0.0021594472
    1237 0.0000489032
    1238 0.0000091631
    1239 0.0000551258
    1240 0.0000222217
    1241 0.0004916786
    1242 0.0000921271
    1243 0.0005542415
    1244 0.0002234195
    1245 0.0006223654
    1246 0.0001166142
    1247 0.0007015572
    1248 0.0002828038
    1249 0.0010845168
    1250 0.0002032088
    1251 0.0012225143
    1252 0.0004928061
    1253 0.0000008350
    1254 0.0000001565
    1255 0.0000009413
    1256 0.0000003794
    1257 0.0000083955
    1258 0.0000015731
    1259 0.0000094637
    1260 0.0000038149
    1261 0.0000106270
    1262 0.0000019912
    1263 0.0000119792
    1264 0.0000048289
    1265 0.0000185183
    1266 0.0000034698
    1267 0.0000208746
    1268 0.0000084147
    1269 0.0000284967
    1270 0.0000053395
    1271 0.0000321227
    1272 0.0000129489
    1273 0.0002865088
    1274 0.0000536839
    1275 0.0003229652
    1276 0.0001301901
    1277 0.0003626620
    1278 0.0000679529
    1279 0.0004088084
    1280 0.0001647942
    1281 0.0006319649
    1282 0.0001184129
    1283 0.0007123782
    1284 0.0002871658
    1285 0.0002000610
    1286 0.0000374860
    1287 0.0002255174
    1288 0.0000909080
    1289 0.0020114376
    1290 0.0003768884
    1291 0.0022673796
    1292 0.0009140003
    1293 0.0025460719
    1294 0.0004770642
    1295 0.0028700425
    1296 0.0011569390
    1297 0.0044367147
    1298 0.0008313189
    1299 0.0050012569
    1300 0.0020160499
    1301 0.0000329560
    1302 0.0000061751
    1303 0.0000371495
    1304 0.0000149753
    1305 0.0003313442
    1306 0.0000620848
    1307 0.0003735055
    1308 0.0001505633
    1309 0.0004194145
    1310 0.0000785868
    1311 0.0004727822
    1312 0.0001905826
    1313 0.0007308601
    1314 0.0001369432
    1315 0.0008238572
    1316 0.0003321040
    1317 0.0000005627
    1318 0.0000001054
    1319 0.0000006343
    1320 0.0000002557
    1321 0.0000056577
    1322 0.0000010601
    1323 0.0000063777
    1324 0.0000025709
    1325 0.0000071616
    1326 0.0000013419
    1327 0.0000080728
    1328 0.0000032542
    1329 0.0000124795
    1330 0.0000023383
    1331 0.0000140675
    1332 0.0000056707
    1333 0.0000192040
    1334 0.0000035983
    1335 0.0000216476
    1336 0.0000087263
    1337 0.0001930794
    1338 0.0000361778
    1339 0.0002176475
    1340 0.0000877356
    1341 0.0002443994
    1342 0.0000457938
    1343 0.0002754976
    1344 0.0001110555
    1345 0.0004258836
    1346 0.0000797989
    1347 0.0004800745
    1348 0.0001935222
    1349 0.0001348219
    1350 0.0000252619
    1351 0.0001519771
    1352 0.0000612633
    1353 0.0013555157
    1354 0.0002539866
    1355 0.0015279961
    1356 0.0006159484
    1357 0.0017158079
    1358 0.0003214955
    1359 0.0019341330
    1360 0.0007796657
    1361 0.0029899196
    1362 0.0005602291
    1363 0.0033703668
    1364 0.0013586240;
