set C := 1 2 3 4 5 6 7 8 9 10;
set P := 3 4 5 6 7 8 9 10;
set A1 := 2;
set A2 := 1;
set S := 0 1 2 3 4 5 6 7 8 9 10 11 12 13 14 15 16 17 18 19 20 21 22 23 24 25 26 27 28 29 30 31 32 33 34 35 36 37 38 39 40 41 42 43 44 45 46 47 48 49 50 51 52 53 54 55 56 57 58 59 60 61 62 63 64 65 66 67 68 69 70 71 72 73 74 75 76 77 78 79 80 81 82 83 84 85 86 87 88 89 90 91 92 93 94 95 96 97 98 99 100 101 102 103 104 105 106 107 108 109 110 111 112 113 114 115 116 117 118 119 120 121 122 123 124 125 126 127 128 129 130 131 132 133 134 135 136 137 138 139 140 141 142 143 144 145 146 147 148 149 150 151 152 153 154 155 156 157 158 159 160 161 162 163 164 165 166 167 168 169 170 171 172 173 174 175 176 177 178 179 180 181 182 183 184 185 186 187 188 189 190 191 192 193 194 195 196 197 198 199 200 201 202 203 204 205 206 207 208 209 210 211 212 213 214 215 216 217 218 219 220 221 222 223 224 225 226 227 228 229 230 231 232 233 234 235 236 237 238 239 240 241 242 243 244 245 246 247 248 249 250 251 252 253 254 255 256 257 258 259 260 261 262 263 264 265 266 267 268 269 270 271 272 273 274 275 276 277 278 279 280 281 282 283 284 285 286 287 288 289 290 291 292 293 294 295 296 297 298 299 300 301 302 303 304 305 306 307 308 309 310 311 312 313 314 315 316 317 318 319 320 321 322 323 324 325 326 327 328 329 330 331 332 333 334 335 336 337 338 339 340 341 342 343 344 345 346 347 348 349 350 351 352 353 354 355 356 357 358 359 360 361 362 363 364 365 366 367 368 369 370 371 372 373 374 375 376 377 378 379 380 381 382 383 384 385 386 387 388 389 390 391 392 393 394 395 396 397 398 399 400 401 402 403 404 405 406 407 408 409 410 411 412 413 414 415 416 417 418 419 420 421 422 423 424 425 426 427 428 429 430 431 432 433 434 435 436 437 438 439 440 441 442 443 444 445 446 447 448 449 450 451 452 453 454 455 456 457 458 459 460 461 462 463 464 465 466 467 468 469 470 471 472 473 474 475 476 477 478 479 480 481 482 483 484 485 486 487 488 489 490 491 492 493 494 495 496 497 498 499 500 501 502 503 504 505 506 507 508 509 510 511 512 513 514 515 516 517 518 519 520 521 522 523 524 525 526 527 528 529 530 531 532 533 534 535 536 537 538 539 540 541 542 543 544 545 546 547 548 549 550 551 552 553 554 555 556 557 558 559 560 561 562 563 564 565 566 567 568 569 570 571 572 573 574 575 576 577 578 579 580 581 582 583 584 585 586 587 588 589 590 591 592 593 594 595 596 597 598 599 600 601 602 603 604 605 606 607 608 609 610 611 612 613 614 615 616 617 618 619 620 621 622 623 624 625 626 627 628 629 630 631 632 633 634 635 636 637 638 639 640 641 642 643 644 645 646 647 648 649 650 651 652 653 654 655 656 657 658 659 660 661 662 663 664 665 666 667 668 669 670 671 672 673 674 675 676 677 678 679 680 681 682 683 684 685 686 687 688 689 690 691 692 693 694 695 696 697 698 699 700 701 702 703 704 705 706 707 708 709 710 711 712 713 714 715 716 717 718 719 720 721 722 723 724 725 726 727 728 729 730 731 732 733 734 735 736 737 738 739 740 741 742 743 744 745 746 747 748 749 750 751 752 753 754 755 756 757 758 759 760 761 762 763 764 765 766 767 768 769 770 771 772 773 774 775 776 777 778 779 780 781 782 783 784 785 786 787 788 789 790 791 792 793 794 795 796 797 798 799 800 801 802 803 804 805 806 807 808 809 810 811 812 813 814 815 816 817 818 819 820 821 822 823 824 825 826 827 828 829 830 831 832 833 834 835 836 837 838 839 840 841 842 843 844 845 846 847 848 849 850 851 852 853 854 855 856 857 858 859 860 861 862 863 864 865 866 867 868 869 870 871 872 873 874 875 876 877 878 879 880 881 882 883 884 885 886 887 888 889 890 891 892 893 894 895 896 897 898 899 900 901 902 903 904 905 906 907 908 909 910 911 912 913 914 915 916 917 918 919 920 921 922 923 924 925 926 927 928 929 930 931 932 933 934 935 936 937 938 939 940 941 942 943 944 945 946 947 948 949 950 951 952 953 954 955 956 957 958 959 960 961 962 963 964 965 966 967 968 969 970 971 972 973 974 975 976 977 978 979 980 981 982 983 984 985 986 987 988 989 990 991 992 993 994 995 996 997 998 999 1000 1001 1002 1003 1004 1005 1006 1007 1008 1009 1010 1011 1012 1013 1014 1015 1016 1017 1018 1019 1020 1021 1022 1023 1024 1025 1026 1027 1028 1029 1030 1031 1032 1033 1034 1035 1036 1037 1038 1039 1040 1041 1042 1043 1044 1045 1046 1047 1048 1049 1050 1051 1052 1053 1054 1055 1056 1057 1058 1059 1060 1061 1062 1063 1064 1065 1066 1067 1068 1069 1070 1071 1072 1073 1074 1075 1076 1077 1078 1079 1080 1081 1082 1083 1084 1085 1086 1087 1088 1089 1090 1091 1092;

param q :=
    1 18.78
    2 23.33
    3 14.40
    4 38.70
    5 44.82
    6 10.06
    7 36.05
    8 29.62
    9 21.10
    10 13.81;
param ca :=
    1 193.43
    2 223.20
    3 238.98
    4 230.27
    5 213.59
    6 241.35
    7 248.07
    8 208.31
    9 213.51
    10 174.97;
param cc :=
    1 44.95
    2 35.86
    3 34.10
    4 44.87
    5 35.51
    6 38.52
    7 37.13
    8 34.94
    9 46.47
    10 35.52;
param cp :=
    1 11.71
    2 5.89
    3 5.68
    4 5.97
    5 8.43
    6 5.19
    7 6.39
    8 5.62
    9 5.51
    10 7.89;
param sMin := 0;
param sMax := 80;
param s0 := 20;
param d :=
    0 10.59
    1 22.05
    2 34.91
    3 16.06
    4 28.05
    5 21.98
    6 19.38
    7 28.05
    8 21.98
    9 19.38
    10 28.05
    11 21.98
    12 19.38
    13 36.09
    14 47.09
    15 43.88
    16 36.09
    17 47.09
    18 43.88
    19 36.09
    20 47.09
    21 43.88
    22 36.09
    23 47.09
    24 43.88
    25 36.09
    26 47.09
    27 43.88
    28 36.09
    29 47.09
    30 43.88
    31 36.09
    32 47.09
    33 43.88
    34 36.09
    35 47.09
    36 43.88
    37 36.09
    38 47.09
    39 43.88
    40 29.12
    41 21.60
    42 14.38
    43 29.12
    44 21.60
    45 14.38
    46 29.12
    47 21.60
    48 14.38
    49 29.12
    50 21.60
    51 14.38
    52 29.12
    53 21.60
    54 14.38
    55 29.12
    56 21.60
    57 14.38
    58 29.12
    59 21.60
    60 14.38
    61 29.12
    62 21.60
    63 14.38
    64 29.12
    65 21.60
    66 14.38
    67 29.12
    68 21.60
    69 14.38
    70 29.12
    71 21.60
    72 14.38
    73 29.12
    74 21.60
    75 14.38
    76 29.12
    77 21.60
    78 14.38
    79 29.12
    80 21.60
    81 14.38
    82 29.12
    83 21.60
    84 14.38
    85 29.12
    86 21.60
    87 14.38
    88 29.12
    89 21.60
    90 14.38
    91 29.12
    92 21.60
    93 14.38
    94 29.12
    95 21.60
    96 14.38
    97 29.12
    98 21.60
    99 14.38
    100 29.12
    101 21.60
    102 14.38
    103 29.12
    104 21.60
    105 14.38
    106 29.12
    107 21.60
    108 14.38
    109 29.12
    110 21.60
    111 14.38
    112 29.12
    113 21.60
    114 14.38
    115 29.12
    116 21.60
    117 14.38
    118 29.12
    119 21.60
    120 14.38
    121 13.93
    122 49.94
    123 21.89
    124 13.93
    125 49.94
    126 21.89
    127 13.93
    128 49.94
    129 21.89
    130 13.93
    131 49.94
    132 21.89
    133 13.93
    134 49.94
    135 21.89
    136 13.93
    137 49.94
    138 21.89
    139 13.93
    140 49.94
    141 21.89
    142 13.93
    143 49.94
    144 21.89
    145 13.93
    146 49.94
    147 21.89
    148 13.93
    149 49.94
    150 21.89
    151 13.93
    152 49.94
    153 21.89
    154 13.93
    155 49.94
    156 21.89
    157 13.93
    158 49.94
    159 21.89
    160 13.93
    161 49.94
    162 21.89
    163 13.93
    164 49.94
    165 21.89
    166 13.93
    167 49.94
    168 21.89
    169 13.93
    170 49.94
    171 21.89
    172 13.93
    173 49.94
    174 21.89
    175 13.93
    176 49.94
    177 21.89
    178 13.93
    179 49.94
    180 21.89
    181 13.93
    182 49.94
    183 21.89
    184 13.93
    185 49.94
    186 21.89
    187 13.93
    188 49.94
    189 21.89
    190 13.93
    191 49.94
    192 21.89
    193 13.93
    194 49.94
    195 21.89
    196 13.93
    197 49.94
    198 21.89
    199 13.93
    200 49.94
    201 21.89
    202 13.93
    203 49.94
    204 21.89
    205 13.93
    206 49.94
    207 21.89
    208 13.93
    209 49.94
    210 21.89
    211 13.93
    212 49.94
    213 21.89
    214 13.93
    215 49.94
    216 21.89
    217 13.93
    218 49.94
    219 21.89
    220 13.93
    221 49.94
    222 21.89
    223 13.93
    224 49.94
    225 21.89
    226 13.93
    227 49.94
    228 21.89
    229 13.93
    230 49.94
    231 21.89
    232 13.93
    233 49.94
    234 21.89
    235 13.93
    236 49.94
    237 21.89
    238 13.93
    239 49.94
    240 21.89
    241 13.93
    242 49.94
    243 21.89
    244 13.93
    245 49.94
    246 21.89
    247 13.93
    248 49.94
    249 21.89
    250 13.93
    251 49.94
    252 21.89
    253 13.93
    254 49.94
    255 21.89
    256 13.93
    257 49.94
    258 21.89
    259 13.93
    260 49.94
    261 21.89
    262 13.93
    263 49.94
    264 21.89
    265 13.93
    266 49.94
    267 21.89
    268 13.93
    269 49.94
    270 21.89
    271 13.93
    272 49.94
    273 21.89
    274 13.93
    275 49.94
    276 21.89
    277 13.93
    278 49.94
    279 21.89
    280 13.93
    281 49.94
    282 21.89
    283 13.93
    284 49.94
    285 21.89
    286 13.93
    287 49.94
    288 21.89
    289 13.93
    290 49.94
    291 21.89
    292 13.93
    293 49.94
    294 21.89
    295 13.93
    296 49.94
    297 21.89
    298 13.93
    299 49.94
    300 21.89
    301 13.93
    302 49.94
    303 21.89
    304 13.93
    305 49.94
    306 21.89
    307 13.93
    308 49.94
    309 21.89
    310 13.93
    311 49.94
    312 21.89
    313 13.93
    314 49.94
    315 21.89
    316 13.93
    317 49.94
    318 21.89
    319 13.93
    320 49.94
    321 21.89
    322 13.93
    323 49.94
    324 21.89
    325 13.93
    326 49.94
    327 21.89
    328 13.93
    329 49.94
    330 21.89
    331 13.93
    332 49.94
    333 21.89
    334 13.93
    335 49.94
    336 21.89
    337 13.93
    338 49.94
    339 21.89
    340 13.93
    341 49.94
    342 21.89
    343 13.93
    344 49.94
    345 21.89
    346 13.93
    347 49.94
    348 21.89
    349 13.93
    350 49.94
    351 21.89
    352 13.93
    353 49.94
    354 21.89
    355 13.93
    356 49.94
    357 21.89
    358 13.93
    359 49.94
    360 21.89
    361 13.93
    362 49.94
    363 21.89
    364 34.64
    365 13.63
    366 30.36
    367 34.64
    368 13.63
    369 30.36
    370 34.64
    371 13.63
    372 30.36
    373 34.64
    374 13.63
    375 30.36
    376 34.64
    377 13.63
    378 30.36
    379 34.64
    380 13.63
    381 30.36
    382 34.64
    383 13.63
    384 30.36
    385 34.64
    386 13.63
    387 30.36
    388 34.64
    389 13.63
    390 30.36
    391 34.64
    392 13.63
    393 30.36
    394 34.64
    395 13.63
    396 30.36
    397 34.64
    398 13.63
    399 30.36
    400 34.64
    401 13.63
    402 30.36
    403 34.64
    404 13.63
    405 30.36
    406 34.64
    407 13.63
    408 30.36
    409 34.64
    410 13.63
    411 30.36
    412 34.64
    413 13.63
    414 30.36
    415 34.64
    416 13.63
    417 30.36
    418 34.64
    419 13.63
    420 30.36
    421 34.64
    422 13.63
    423 30.36
    424 34.64
    425 13.63
    426 30.36
    427 34.64
    428 13.63
    429 30.36
    430 34.64
    431 13.63
    432 30.36
    433 34.64
    434 13.63
    435 30.36
    436 34.64
    437 13.63
    438 30.36
    439 34.64
    440 13.63
    441 30.36
    442 34.64
    443 13.63
    444 30.36
    445 34.64
    446 13.63
    447 30.36
    448 34.64
    449 13.63
    450 30.36
    451 34.64
    452 13.63
    453 30.36
    454 34.64
    455 13.63
    456 30.36
    457 34.64
    458 13.63
    459 30.36
    460 34.64
    461 13.63
    462 30.36
    463 34.64
    464 13.63
    465 30.36
    466 34.64
    467 13.63
    468 30.36
    469 34.64
    470 13.63
    471 30.36
    472 34.64
    473 13.63
    474 30.36
    475 34.64
    476 13.63
    477 30.36
    478 34.64
    479 13.63
    480 30.36
    481 34.64
    482 13.63
    483 30.36
    484 34.64
    485 13.63
    486 30.36
    487 34.64
    488 13.63
    489 30.36
    490 34.64
    491 13.63
    492 30.36
    493 34.64
    494 13.63
    495 30.36
    496 34.64
    497 13.63
    498 30.36
    499 34.64
    500 13.63
    501 30.36
    502 34.64
    503 13.63
    504 30.36
    505 34.64
    506 13.63
    507 30.36
    508 34.64
    509 13.63
    510 30.36
    511 34.64
    512 13.63
    513 30.36
    514 34.64
    515 13.63
    516 30.36
    517 34.64
    518 13.63
    519 30.36
    520 34.64
    521 13.63
    522 30.36
    523 34.64
    524 13.63
    525 30.36
    526 34.64
    527 13.63
    528 30.36
    529 34.64
    530 13.63
    531 30.36
    532 34.64
    533 13.63
    534 30.36
    535 34.64
    536 13.63
    537 30.36
    538 34.64
    539 13.63
    540 30.36
    541 34.64
    542 13.63
    543 30.36
    544 34.64
    545 13.63
    546 30.36
    547 34.64
    548 13.63
    549 30.36
    550 34.64
    551 13.63
    552 30.36
    553 34.64
    554 13.63
    555 30.36
    556 34.64
    557 13.63
    558 30.36
    559 34.64
    560 13.63
    561 30.36
    562 34.64
    563 13.63
    564 30.36
    565 34.64
    566 13.63
    567 30.36
    568 34.64
    569 13.63
    570 30.36
    571 34.64
    572 13.63
    573 30.36
    574 34.64
    575 13.63
    576 30.36
    577 34.64
    578 13.63
    579 30.36
    580 34.64
    581 13.63
    582 30.36
    583 34.64
    584 13.63
    585 30.36
    586 34.64
    587 13.63
    588 30.36
    589 34.64
    590 13.63
    591 30.36
    592 34.64
    593 13.63
    594 30.36
    595 34.64
    596 13.63
    597 30.36
    598 34.64
    599 13.63
    600 30.36
    601 34.64
    602 13.63
    603 30.36
    604 34.64
    605 13.63
    606 30.36
    607 34.64
    608 13.63
    609 30.36
    610 34.64
    611 13.63
    612 30.36
    613 34.64
    614 13.63
    615 30.36
    616 34.64
    617 13.63
    618 30.36
    619 34.64
    620 13.63
    621 30.36
    622 34.64
    623 13.63
    624 30.36
    625 34.64
    626 13.63
    627 30.36
    628 34.64
    629 13.63
    630 30.36
    631 34.64
    632 13.63
    633 30.36
    634 34.64
    635 13.63
    636 30.36
    637 34.64
    638 13.63
    639 30.36
    640 34.64
    641 13.63
    642 30.36
    643 34.64
    644 13.63
    645 30.36
    646 34.64
    647 13.63
    648 30.36
    649 34.64
    650 13.63
    651 30.36
    652 34.64
    653 13.63
    654 30.36
    655 34.64
    656 13.63
    657 30.36
    658 34.64
    659 13.63
    660 30.36
    661 34.64
    662 13.63
    663 30.36
    664 34.64
    665 13.63
    666 30.36
    667 34.64
    668 13.63
    669 30.36
    670 34.64
    671 13.63
    672 30.36
    673 34.64
    674 13.63
    675 30.36
    676 34.64
    677 13.63
    678 30.36
    679 34.64
    680 13.63
    681 30.36
    682 34.64
    683 13.63
    684 30.36
    685 34.64
    686 13.63
    687 30.36
    688 34.64
    689 13.63
    690 30.36
    691 34.64
    692 13.63
    693 30.36
    694 34.64
    695 13.63
    696 30.36
    697 34.64
    698 13.63
    699 30.36
    700 34.64
    701 13.63
    702 30.36
    703 34.64
    704 13.63
    705 30.36
    706 34.64
    707 13.63
    708 30.36
    709 34.64
    710 13.63
    711 30.36
    712 34.64
    713 13.63
    714 30.36
    715 34.64
    716 13.63
    717 30.36
    718 34.64
    719 13.63
    720 30.36
    721 34.64
    722 13.63
    723 30.36
    724 34.64
    725 13.63
    726 30.36
    727 34.64
    728 13.63
    729 30.36
    730 34.64
    731 13.63
    732 30.36
    733 34.64
    734 13.63
    735 30.36
    736 34.64
    737 13.63
    738 30.36
    739 34.64
    740 13.63
    741 30.36
    742 34.64
    743 13.63
    744 30.36
    745 34.64
    746 13.63
    747 30.36
    748 34.64
    749 13.63
    750 30.36
    751 34.64
    752 13.63
    753 30.36
    754 34.64
    755 13.63
    756 30.36
    757 34.64
    758 13.63
    759 30.36
    760 34.64
    761 13.63
    762 30.36
    763 34.64
    764 13.63
    765 30.36
    766 34.64
    767 13.63
    768 30.36
    769 34.64
    770 13.63
    771 30.36
    772 34.64
    773 13.63
    774 30.36
    775 34.64
    776 13.63
    777 30.36
    778 34.64
    779 13.63
    780 30.36
    781 34.64
    782 13.63
    783 30.36
    784 34.64
    785 13.63
    786 30.36
    787 34.64
    788 13.63
    789 30.36
    790 34.64
    791 13.63
    792 30.36
    793 34.64
    794 13.63
    795 30.36
    796 34.64
    797 13.63
    798 30.36
    799 34.64
    800 13.63
    801 30.36
    802 34.64
    803 13.63
    804 30.36
    805 34.64
    806 13.63
    807 30.36
    808 34.64
    809 13.63
    810 30.36
    811 34.64
    812 13.63
    813 30.36
    814 34.64
    815 13.63
    816 30.36
    817 34.64
    818 13.63
    819 30.36
    820 34.64
    821 13.63
    822 30.36
    823 34.64
    824 13.63
    825 30.36
    826 34.64
    827 13.63
    828 30.36
    829 34.64
    830 13.63
    831 30.36
    832 34.64
    833 13.63
    834 30.36
    835 34.64
    836 13.63
    837 30.36
    838 34.64
    839 13.63
    840 30.36
    841 34.64
    842 13.63
    843 30.36
    844 34.64
    845 13.63
    846 30.36
    847 34.64
    848 13.63
    849 30.36
    850 34.64
    851 13.63
    852 30.36
    853 34.64
    854 13.63
    855 30.36
    856 34.64
    857 13.63
    858 30.36
    859 34.64
    860 13.63
    861 30.36
    862 34.64
    863 13.63
    864 30.36
    865 34.64
    866 13.63
    867 30.36
    868 34.64
    869 13.63
    870 30.36
    871 34.64
    872 13.63
    873 30.36
    874 34.64
    875 13.63
    876 30.36
    877 34.64
    878 13.63
    879 30.36
    880 34.64
    881 13.63
    882 30.36
    883 34.64
    884 13.63
    885 30.36
    886 34.64
    887 13.63
    888 30.36
    889 34.64
    890 13.63
    891 30.36
    892 34.64
    893 13.63
    894 30.36
    895 34.64
    896 13.63
    897 30.36
    898 34.64
    899 13.63
    900 30.36
    901 34.64
    902 13.63
    903 30.36
    904 34.64
    905 13.63
    906 30.36
    907 34.64
    908 13.63
    909 30.36
    910 34.64
    911 13.63
    912 30.36
    913 34.64
    914 13.63
    915 30.36
    916 34.64
    917 13.63
    918 30.36
    919 34.64
    920 13.63
    921 30.36
    922 34.64
    923 13.63
    924 30.36
    925 34.64
    926 13.63
    927 30.36
    928 34.64
    929 13.63
    930 30.36
    931 34.64
    932 13.63
    933 30.36
    934 34.64
    935 13.63
    936 30.36
    937 34.64
    938 13.63
    939 30.36
    940 34.64
    941 13.63
    942 30.36
    943 34.64
    944 13.63
    945 30.36
    946 34.64
    947 13.63
    948 30.36
    949 34.64
    950 13.63
    951 30.36
    952 34.64
    953 13.63
    954 30.36
    955 34.64
    956 13.63
    957 30.36
    958 34.64
    959 13.63
    960 30.36
    961 34.64
    962 13.63
    963 30.36
    964 34.64
    965 13.63
    966 30.36
    967 34.64
    968 13.63
    969 30.36
    970 34.64
    971 13.63
    972 30.36
    973 34.64
    974 13.63
    975 30.36
    976 34.64
    977 13.63
    978 30.36
    979 34.64
    980 13.63
    981 30.36
    982 34.64
    983 13.63
    984 30.36
    985 34.64
    986 13.63
    987 30.36
    988 34.64
    989 13.63
    990 30.36
    991 34.64
    992 13.63
    993 30.36
    994 34.64
    995 13.63
    996 30.36
    997 34.64
    998 13.63
    999 30.36
    1000 34.64
    1001 13.63
    1002 30.36
    1003 34.64
    1004 13.63
    1005 30.36
    1006 34.64
    1007 13.63
    1008 30.36
    1009 34.64
    1010 13.63
    1011 30.36
    1012 34.64
    1013 13.63
    1014 30.36
    1015 34.64
    1016 13.63
    1017 30.36
    1018 34.64
    1019 13.63
    1020 30.36
    1021 34.64
    1022 13.63
    1023 30.36
    1024 34.64
    1025 13.63
    1026 30.36
    1027 34.64
    1028 13.63
    1029 30.36
    1030 34.64
    1031 13.63
    1032 30.36
    1033 34.64
    1034 13.63
    1035 30.36
    1036 34.64
    1037 13.63
    1038 30.36
    1039 34.64
    1040 13.63
    1041 30.36
    1042 34.64
    1043 13.63
    1044 30.36
    1045 34.64
    1046 13.63
    1047 30.36
    1048 34.64
    1049 13.63
    1050 30.36
    1051 34.64
    1052 13.63
    1053 30.36
    1054 34.64
    1055 13.63
    1056 30.36
    1057 34.64
    1058 13.63
    1059 30.36
    1060 34.64
    1061 13.63
    1062 30.36
    1063 34.64
    1064 13.63
    1065 30.36
    1066 34.64
    1067 13.63
    1068 30.36
    1069 34.64
    1070 13.63
    1071 30.36
    1072 34.64
    1073 13.63
    1074 30.36
    1075 34.64
    1076 13.63
    1077 30.36
    1078 34.64
    1079 13.63
    1080 30.36
    1081 34.64
    1082 13.63
    1083 30.36
    1084 34.64
    1085 13.63
    1086 30.36
    1087 34.64
    1088 13.63
    1089 30.36
    1090 34.64
    1091 13.63
    1092 30.36;
param h :=
    1 1.00
    2 1.00
    3 1.00
    4 1.00
    5 1.00
    6 1.00
    7 1.00;
param p :=
    0 1.0000000000
    1 0.3790625093
    2 0.0292335000
    3 0.5917039906
    4 0.0247726339
    5 0.1340394233
    6 0.2202504521
    7 0.0019104785
    8 0.0103371908
    9 0.0169858307
    10 0.0386692589
    11 0.2092310891
    12 0.3438036426
    13 0.0031712062
    14 0.0036813853
    15 0.0179200424
    16 0.0171587184
    17 0.0199191885
    18 0.0969615165
    19 0.0281948055
    20 0.0327307457
    21 0.1593249009
    22 0.0002445651
    23 0.0002839104
    24 0.0013820031
    25 0.0013232894
    26 0.0015361783
    27 0.0074777231
    28 0.0021743982
    29 0.0025242123
    30 0.0122872201
    31 0.0049501475
    32 0.0057465202
    33 0.0279725911
    34 0.0267841896
    35 0.0310931919
    36 0.1513537077
    37 0.0440111553
    38 0.0510916072
    39 0.2487008801
    40 0.0006066139
    41 0.0014244669
    42 0.0011401253
    43 0.0007042051
    44 0.0016536331
    45 0.0013235471
    46 0.0034278904
    47 0.0080494633
    48 0.0064426886
    49 0.0032822582
    50 0.0077074859
    51 0.0061689742
    52 0.0038103033
    53 0.0089474552
    54 0.0071614300
    55 0.0185475820
    56 0.0435539242
    57 0.0348600102
    58 0.0053933301
    59 0.0126647609
    60 0.0101367145
    61 0.0062610014
    62 0.0147022496
    63 0.0117674947
    64 0.0304769539
    65 0.0715667918
    66 0.0572811552
    67 0.0000467824
    68 0.0001098556
    69 0.0000879271
    70 0.0000543087
    71 0.0001275291
    72 0.0001020726
    73 0.0002643607
    74 0.0006207788
    75 0.0004968635
    76 0.0002531295
    77 0.0005944054
    78 0.0004757545
    79 0.0002938526
    80 0.0006900325
    81 0.0005522932
    82 0.0014303993
    83 0.0033589015
    84 0.0026884223
    85 0.0004159365
    86 0.0009767130
    87 0.0007817488
    88 0.0004828517
    89 0.0011338452
    90 0.0009075154
    91 0.0023503987
    92 0.0055192686
    93 0.0044175528
    94 0.0009469042
    95 0.0022235456
    96 0.0017796978
    97 0.0010992408
    98 0.0025812664
    99 0.0020660130
    100 0.0053508232
    101 0.0125649449
    102 0.0100568230
    103 0.0051234961
    104 0.0120311295
    105 0.0096295639
    106 0.0059477569
    107 0.0139666805
    108 0.0111787545
    109 0.0289521597
    110 0.0679862296
    111 0.0544153184
    112 0.0084188092
    113 0.0197692713
    114 0.0158230747
    115 0.0097732153
    116 0.0229497235
    117 0.0183686685
    118 0.0475735131
    119 0.1117133857
    120 0.0894139813
    121 0.0003290555
    122 0.0000879608
    123 0.0001895976
    124 0.0007726968
    125 0.0002065519
    126 0.0004452182
    127 0.0006184568
    128 0.0001653216
    129 0.0003563470
    130 0.0003819935
    131 0.0001021118
    132 0.0002200998
    133 0.0008970072
    134 0.0002397817
    135 0.0005168442
    136 0.0007179532
    137 0.0001919182
    138 0.0004136756
    139 0.0018594465
    140 0.0004970543
    141 0.0010713896
    142 0.0043664017
    143 0.0011671960
    144 0.0025158656
    145 0.0034948127
    146 0.0009342090
    147 0.0020136670
    148 0.0017804489
    149 0.0004759372
    150 0.0010258722
    151 0.0041808973
    152 0.0011176083
    153 0.0024089803
    154 0.0033463373
    155 0.0008945196
    156 0.0019281173
    157 0.0020668850
    158 0.0005525053
    159 0.0011909130
    160 0.0048535141
    161 0.0012974075
    162 0.0027965336
    163 0.0038846913
    164 0.0010384286
    165 0.0022383101
    166 0.0100610675
    167 0.0026894544
    168 0.0057970601
    169 0.0236256656
    170 0.0063154482
    171 0.0136128105
    172 0.0189096840
    173 0.0050548048
    174 0.0108955213
    175 0.0029255920
    176 0.0007820489
    177 0.0016856892
    178 0.0068699529
    179 0.0018364279
    180 0.0039583802
    181 0.0054986234
    182 0.0014698537
    183 0.0031682374
    184 0.0033962571
    185 0.0009078638
    186 0.0019568805
    187 0.0079751811
    188 0.0021318698
    189 0.0045951987
    190 0.0063832341
    191 0.0017063216
    192 0.0036779390
    193 0.0165321113
    194 0.0044192487
    195 0.0095255939
    196 0.0388211424
    197 0.0103773970
    198 0.0223682524
    199 0.0310719515
    200 0.0083059373
    201 0.0179032664
    202 0.0000253769
    203 0.0000067836
    204 0.0000146219
    205 0.0000595908
    206 0.0000159294
    207 0.0000343355
    208 0.0000476957
    209 0.0000127497
    210 0.0000274817
    211 0.0000294595
    212 0.0000078749
    213 0.0000169742
    214 0.0000691777
    215 0.0000184921
    216 0.0000398593
    217 0.0000553689
    218 0.0000148008
    219 0.0000319029
    220 0.0001434015
    221 0.0000383331
    222 0.0000826261
    223 0.0003367392
    224 0.0000900148
    225 0.0001940249
    226 0.0002695218
    227 0.0000720467
    228 0.0001552951
    229 0.0001373092
    230 0.0000367045
    231 0.0000791158
    232 0.0003224330
    233 0.0000861905
    234 0.0001857818
    235 0.0002580713
    236 0.0000689858
    237 0.0001486974
    238 0.0001593993
    239 0.0000426095
    240 0.0000918438
    241 0.0003743056
    242 0.0001000568
    243 0.0002156701
    244 0.0002995894
    245 0.0000800842
    246 0.0001726197
    247 0.0007759148
    248 0.0002074121
    249 0.0004470723
    250 0.0018220238
    251 0.0004870507
    252 0.0010498271
    253 0.0014583248
    254 0.0003898292
    255 0.0008402683
    256 0.0002256232
    257 0.0000603120
    258 0.0001300012
    259 0.0005298144
    260 0.0001416263
    261 0.0003052724
    262 0.0004240567
    263 0.0001133559
    264 0.0002443361
    265 0.0002619211
    266 0.0000700149
    267 0.0001509157
    268 0.0006150502
    269 0.0001644109
    270 0.0003543841
    271 0.0004922784
    272 0.0001315924
    273 0.0002836446
    274 0.0012749651
    275 0.0003408148
    276 0.0007346188
    277 0.0029939069
    278 0.0008003103
    279 0.0017250514
    280 0.0023962852
    281 0.0006405583
    282 0.0013807093
    283 0.0005136447
    284 0.0001373039
    285 0.0002959556
    286 0.0012061541
    287 0.0003224207
    288 0.0006949708
    289 0.0009653905
    290 0.0002580615
    291 0.0005562458
    292 0.0005962791
    293 0.0001593932
    294 0.0003435685
    295 0.0014001985
    296 0.0003742913
    297 0.0008067767
    298 0.0011207011
    299 0.0002995780
    300 0.0006457339
    301 0.0029025343
    302 0.0007758852
    303 0.0016724036
    304 0.0068158081
    305 0.0018219543
    306 0.0039271826
    307 0.0054552866
    308 0.0014582692
    309 0.0031432673
    310 0.0027792216
    311 0.0007429221
    312 0.0016013524
    313 0.0065262419
    314 0.0017445495
    315 0.0037603382
    316 0.0052235215
    317 0.0013963153
    318 0.0030097272
    319 0.0032263388
    320 0.0008624424
    321 0.0018589757
    322 0.0075761744
    323 0.0020252101
    324 0.0043652961
    325 0.0060638742
    326 0.0016209525
    327 0.0034939278
    328 0.0157049923
    329 0.0041981490
    330 0.0090490184
    331 0.0368788796
    332 0.0098582049
    333 0.0212491451
    334 0.0295173889
    335 0.0078903825
    336 0.0170075470
    337 0.0045667520
    338 0.0012207523
    339 0.0026313049
    340 0.0107237683
    341 0.0028666030
    342 0.0061789000
    343 0.0085831686
    344 0.0022943928
    345 0.0049455134
    346 0.0053014446
    347 0.0014171452
    348 0.0030546255
    349 0.0124489929
    350 0.0033277780
    351 0.0071729526
    352 0.0099640165
    353 0.0026635114
    354 0.0057411406
    355 0.0258060768
    356 0.0068983005
    357 0.0148691358
    358 0.0605985142
    359 0.0161987722
    360 0.0349160993
    361 0.0485022845
    362 0.0129652924
    363 0.0279464044
    364 0.0001159466
    365 0.0001264112
    366 0.0000866976
    367 0.0000309940
    368 0.0000337914
    369 0.0000231754
    370 0.0000668070
    371 0.0000728366
    372 0.0000499541
    373 0.0002722689
    374 0.0002968422
    375 0.0002035857
    376 0.0000727810
    377 0.0000793498
    378 0.0000544211
    379 0.0001568779
    380 0.0001710367
    381 0.0001173035
    382 0.0002179206
    383 0.0002375887
    384 0.0001629474
    385 0.0000582530
    386 0.0000635106
    387 0.0000435580
    388 0.0001255631
    389 0.0001368956
    390 0.0000938883
    391 0.0001345999
    392 0.0001467481
    393 0.0001006454
    394 0.0000359803
    395 0.0000392277
    396 0.0000269038
    397 0.0000775548
    398 0.0000845544
    399 0.0000579906
    400 0.0003160712
    401 0.0003445977
    402 0.0002363383
    403 0.0000844899
    404 0.0000921155
    405 0.0000631763
    406 0.0001821162
    407 0.0001985529
    408 0.0001361751
    409 0.0002529794
    410 0.0002758117
    411 0.0001891622
    412 0.0000676247
    413 0.0000737281
    414 0.0000505655
    415 0.0001457635
    416 0.0001589192
    417 0.0001089929
    418 0.0006551981
    419 0.0007143321
    420 0.0004899163
    421 0.0001751430
    422 0.0001909503
    423 0.0001309610
    424 0.0003775169
    425 0.0004115892
    426 0.0002822836
    427 0.0015385536
    428 0.0016774137
    429 0.0011504344
    430 0.0004112754
    431 0.0004483945
    432 0.0003075261
    433 0.0008864952
    434 0.0009665046
    435 0.0006628658
    436 0.0012314389
    437 0.0013425807
    438 0.0009207932
    439 0.0003291796
    440 0.0003588893
    441 0.0002461400
    442 0.0007095395
    443 0.0007735780
    444 0.0005305494
    445 0.0006273624
    446 0.0006839841
    447 0.0004691024
    448 0.0001677021
    449 0.0001828379
    450 0.0001253972
    451 0.0003614783
    452 0.0003941030
    453 0.0002702909
    454 0.0014731889
    455 0.0016061496
    456 0.0011015588
    457 0.0003938026
    458 0.0004293447
    459 0.0002944610
    460 0.0008488329
    461 0.0009254431
    462 0.0006347043
    463 0.0011791218
    464 0.0012855418
    465 0.0008816737
    466 0.0003151946
    467 0.0003436421
    468 0.0002356829
    469 0.0006793951
    470 0.0007407130
    471 0.0005080093
    472 0.0007282915
    473 0.0007940225
    474 0.0005445710
    475 0.0001946818
    476 0.0002122525
    477 0.0001455709
    478 0.0004196324
    479 0.0004575057
    480 0.0003137749
    481 0.0017101935
    482 0.0018645446
    483 0.0012787760
    484 0.0004571570
    485 0.0004984171
    486 0.0003418335
    487 0.0009853919
    488 0.0010743271
    489 0.0007368146
    490 0.0013688172
    491 0.0014923579
    492 0.0010235161
    493 0.0003659027
    494 0.0003989267
    495 0.0002735992
    496 0.0007886952
    497 0.0008598778
    498 0.0005897371
    499 0.0035451369
    500 0.0038650983
    501 0.0026508322
    502 0.0009476613
    503 0.0010331911
    504 0.0007086020
    505 0.0020426632
    506 0.0022270209
    507 0.0015273761
    508 0.0083247845
    509 0.0090761265
    510 0.0062247546
    511 0.0022253233
    512 0.0024261668
    513 0.0016639580
    514 0.0047966358
    515 0.0052295496
    516 0.0035866251
    517 0.0066630523
    518 0.0072644169
    519 0.0049822149
    520 0.0017811207
    521 0.0019418733
    522 0.0013318109
    523 0.0038391667
    524 0.0041856653
    525 0.0028706894
    526 0.0010308672
    527 0.0011239067
    528 0.0007708182
    529 0.0002755642
    530 0.0003004349
    531 0.0002060497
    532 0.0005939727
    533 0.0006475808
    534 0.0004441357
    535 0.0024207097
    536 0.0026391875
    537 0.0018100557
    538 0.0006470872
    539 0.0007054892
    540 0.0004838515
    541 0.0013947824
    542 0.0015206665
    543 0.0010429313
    544 0.0019375054
    545 0.0021123723
    546 0.0014487457
    547 0.0005179204
    548 0.0005646646
    549 0.0003872686
    550 0.0011163662
    551 0.0012171223
    552 0.0008347490
    553 0.0011967116
    554 0.0013047192
    555 0.0008948263
    556 0.0003198966
    557 0.0003487684
    558 0.0002391987
    559 0.0006895301
    560 0.0007517627
    561 0.0005155876
    562 0.0028101500
    563 0.0030637762
    564 0.0021012549
    565 0.0007511897
    566 0.0008189873
    567 0.0005616928
    568 0.0016191730
    569 0.0017653092
    570 0.0012107166
    571 0.0022492085
    572 0.0024522077
    573 0.0016818178
    574 0.0006012427
    575 0.0006555071
    576 0.0004495718
    577 0.0012959656
    578 0.0014129312
    579 0.0009690422
    580 0.0058252862
    581 0.0063510394
    582 0.0043557857
    583 0.0015571749
    584 0.0016977156
    585 0.0011643582
    586 0.0033564564
    587 0.0036593888
    588 0.0025097487
    589 0.0136790917
    590 0.0149136792
    591 0.0102283715
    592 0.0036565994
    593 0.0039866207
    594 0.0027341769
    595 0.0078817200
    596 0.0085930738
    597 0.0058934586
    598 0.0109485720
    599 0.0119367203
    600 0.0081866592
    601 0.0029266959
    602 0.0031908408
    603 0.0021884006
    604 0.0063084290
    605 0.0068777876
    606 0.0047170497
    607 0.0000089419
    608 0.0000097489
    609 0.0000066862
    610 0.0000023903
    611 0.0000026060
    612 0.0000017873
    613 0.0000051522
    614 0.0000056172
    615 0.0000038525
    616 0.0000209975
    617 0.0000228926
    618 0.0000157006
    619 0.0000056129
    620 0.0000061195
    621 0.0000041970
    622 0.0000120985
    623 0.0000131904
    624 0.0000090465
    625 0.0000168062
    626 0.0000183230
    627 0.0000125666
    628 0.0000044925
    629 0.0000048980
    630 0.0000033592
    631 0.0000096835
    632 0.0000105575
    633 0.0000072407
    634 0.0000103804
    635 0.0000113173
    636 0.0000077618
    637 0.0000027748
    638 0.0000030253
    639 0.0000020748
    640 0.0000059811
    641 0.0000065209
    642 0.0000044723
    643 0.0000243756
    644 0.0000265756
    645 0.0000182265
    646 0.0000065159
    647 0.0000071040
    648 0.0000048722
    649 0.0000140449
    650 0.0000153125
    651 0.0000105019
    652 0.0000195099
    653 0.0000212707
    654 0.0000145883
    655 0.0000052153
    656 0.0000056859
    657 0.0000038996
    658 0.0000112414
    659 0.0000122559
    660 0.0000084056
    661 0.0000505292
    662 0.0000550897
    663 0.0000377826
    664 0.0000135071
    665 0.0000147262
    666 0.0000100998
    667 0.0000291143
    668 0.0000317420
    669 0.0000217699
    670 0.0001186541
    671 0.0001293630
    672 0.0000887221
    673 0.0000317178
    674 0.0000345804
    675 0.0000237166
    676 0.0000683670
    677 0.0000745373
    678 0.0000511206
    679 0.0000949692
    680 0.0001035405
    681 0.0000710121
    682 0.0000253865
    683 0.0000276777
    684 0.0000189824
    685 0.0000547201
    686 0.0000596587
    687 0.0000409162
    688 0.0000483825
    689 0.0000527492
    690 0.0000361774
    691 0.0000129333
    692 0.0000141006
    693 0.0000096707
    694 0.0000278774
    695 0.0000303934
    696 0.0000208450
    697 0.0001136131
    698 0.0001238671
    699 0.0000849528
    700 0.0000303703
    701 0.0000331113
    702 0.0000227090
    703 0.0000654624
    704 0.0000713707
    705 0.0000489487
    706 0.0000909345
    707 0.0000991417
    708 0.0000679951
    709 0.0000243080
    710 0.0000265019
    711 0.0000181760
    712 0.0000523953
    713 0.0000571242
    714 0.0000391779
    715 0.0000561662
    716 0.0000612354
    717 0.0000419976
    718 0.0000150140
    719 0.0000163690
    720 0.0000112265
    721 0.0000323623
    722 0.0000352831
    723 0.0000241985
    724 0.0001318910
    725 0.0001437947
    726 0.0000986199
    727 0.0000352562
    728 0.0000384382
    729 0.0000263624
    730 0.0000759939
    731 0.0000828527
    732 0.0000568235
    733 0.0001055639
    734 0.0001150914
    735 0.0000789341
    736 0.0000282186
    737 0.0000307654
    738 0.0000211001
    739 0.0000608246
    740 0.0000663142
    741 0.0000454808
    742 0.0002734028
    743 0.0002980784
    744 0.0002044336
    745 0.0000730841
    746 0.0000796802
    747 0.0000546478
    748 0.0001575313
    749 0.0001717490
    750 0.0001177920
    751 0.0006420118
    752 0.0006999556
    753 0.0004800563
    754 0.0001716181
    755 0.0001871073
    756 0.0001283253
    757 0.0003699191
    758 0.0004033056
    759 0.0002766024
    760 0.0005138581
    761 0.0005602356
    762 0.0003842310
    763 0.0001373610
    764 0.0001497583
    765 0.0001027100
    766 0.0002960786
    767 0.0003228007
    768 0.0002213891
    769 0.0000795010
    770 0.0000866763
    771 0.0000594459
    772 0.0000212517
    773 0.0000231697
    774 0.0000158907
    775 0.0000458075
    776 0.0000499418
    777 0.0000342520
    778 0.0001866864
    779 0.0002035355
    780 0.0001395924
    781 0.0000499037
    782 0.0000544077
    783 0.0000373149
    784 0.0001075664
    785 0.0001172746
    786 0.0000804314
    787 0.0001494214
    788 0.0001629073
    789 0.0001117280
    790 0.0000399423
    791 0.0000435472
    792 0.0000298664
    793 0.0000860947
    794 0.0000938651
    795 0.0000643763
    796 0.0000922910
    797 0.0001006206
    798 0.0000690095
    799 0.0000246706
    800 0.0000268972
    801 0.0000184471
    802 0.0000531769
    803 0.0000579763
    804 0.0000397624
    805 0.0002167202
    806 0.0002362800
    807 0.0001620499
    808 0.0000579321
    809 0.0000631607
    810 0.0000433180
    811 0.0001248715
    812 0.0001361416
    813 0.0000933711
    814 0.0001734601
    815 0.0001891156
    816 0.0001297027
    817 0.0000463682
    818 0.0000505530
    819 0.0000346712
    820 0.0000999455
    821 0.0001089660
    822 0.0000747330
    823 0.0004492491
    824 0.0004897955
    825 0.0003359205
    826 0.0001200901
    827 0.0001309287
    828 0.0000897959
    829 0.0002588517
    830 0.0002822140
    831 0.0001935531
    832 0.0010549387
    833 0.0011501508
    834 0.0007888174
    835 0.0002819989
    836 0.0003074503
    837 0.0002108612
    838 0.0006078424
    839 0.0006627024
    840 0.0004545066
    841 0.0008443596
    842 0.0009205661
    843 0.0006313595
    844 0.0002257083
    845 0.0002460793
    846 0.0001687706
    847 0.0004865094
    848 0.0005304186
    849 0.0003637814
    850 0.0001809888
    851 0.0001973237
    852 0.0001353322
    853 0.0000483807
    854 0.0000527472
    855 0.0000361760
    856 0.0001042835
    857 0.0001136954
    858 0.0000779767
    859 0.0004250028
    860 0.0004633608
    861 0.0003177906
    862 0.0001136088
    863 0.0001238624
    864 0.0000849496
    865 0.0002448812
    866 0.0002669826
    867 0.0001831069
    868 0.0003401668
    869 0.0003708681
    870 0.0002543555
    871 0.0000909310
    872 0.0000991379
    873 0.0000679925
    874 0.0001959998
    875 0.0002136895
    876 0.0001465565
    877 0.0002101060
    878 0.0002290689
    879 0.0001571042
    880 0.0000561641
    881 0.0000612331
    882 0.0000419960
    883 0.0001210605
    884 0.0001319866
    885 0.0000905215
    886 0.0004933766
    887 0.0005379056
    888 0.0003689162
    889 0.0001318860
    890 0.0001437892
    891 0.0000986161
    892 0.0002842774
    893 0.0003099344
    894 0.0002125649
    895 0.0003948924
    896 0.0004305329
    897 0.0002952759
    898 0.0001055599
    899 0.0001150870
    900 0.0000789311
    901 0.0002275320
    902 0.0002480676
    903 0.0001701342
    904 0.0010227425
    905 0.0011150487
    906 0.0007647431
    907 0.0002733924
    908 0.0002980670
    909 0.0002044258
    910 0.0005892913
    911 0.0006424770
    912 0.0004406353
    913 0.0024016311
    914 0.0026183870
    915 0.0017957899
    916 0.0006419873
    917 0.0006999290
    918 0.0004800380
    919 0.0013837895
    920 0.0015086816
    921 0.0010347115
    922 0.0019222352
    923 0.0020957239
    924 0.0014373276
    925 0.0005138385
    926 0.0005602143
    927 0.0003842164
    928 0.0011075677
    929 0.0012075296
    930 0.0008281700
    931 0.0009792918
    932 0.0010676764
    933 0.0007322533
    934 0.0002617775
    935 0.0002854038
    936 0.0001957409
    937 0.0005642556
    938 0.0006151817
    939 0.0004219151
    940 0.0022995990
    941 0.0025071462
    942 0.0017194967
    943 0.0006147128
    944 0.0006701928
    945 0.0004596439
    946 0.0013249999
    947 0.0014445860
    948 0.0009907523
    949 0.0018405700
    950 0.0020066881
    951 0.0013762634
    952 0.0004920083
    953 0.0005364139
    954 0.0003678931
    955 0.0010605132
    956 0.0011562284
    957 0.0007929856
    958 0.0011368389
    959 0.0012394427
    960 0.0008500572
    961 0.0003038918
    962 0.0003313192
    963 0.0002272314
    964 0.0006550322
    965 0.0007141512
    966 0.0004897922
    967 0.0026695552
    968 0.0029104923
    969 0.0019961269
    970 0.0007136069
    971 0.0007780125
    972 0.0005335907
    973 0.0015381640
    974 0.0016769889
    975 0.0011501431
    976 0.0021366782
    977 0.0023295212
    978 0.0015976747
    979 0.0005711619
    980 0.0006227114
    981 0.0004270793
    982 0.0012311270
    983 0.0013422407
    984 0.0009205600
    985 0.0055338410
    986 0.0060332902
    987 0.0041378611
    988 0.0014792678
    989 0.0016127770
    990 0.0011061042
    991 0.0031885294
    992 0.0034763057
    993 0.0023841834
    994 0.0129947122
    995 0.0141675321
    996 0.0097166353
    997 0.0034736558
    998 0.0037871659
    999 0.0025973832
    1000 0.0074873892
    1001 0.0081631532
    1002 0.0055986026
    1003 0.0104008034
    1004 0.0113395135
    1005 0.0077770720
    1006 0.0027802702
    1007 0.0030311997
    1008 0.0020789126
    1009 0.0059928117
    1010 0.0065336846
    1011 0.0044810508
    1012 0.0016091494
    1013 0.0017543810
    1014 0.0012032216
    1015 0.0004301466
    1016 0.0004689689
    1017 0.0003216368
    1018 0.0009271716
    1019 0.0010108522
    1020 0.0006932811
    1021 0.0037786474
    1022 0.0041196840
    1023 0.0028254369
    1024 0.0010100817
    1025 0.0011012452
    1026 0.0007552761
    1027 0.0021772090
    1028 0.0023737100
    1029 0.0016279811
    1030 0.0030243816
    1031 0.0032973430
    1032 0.0022614439
    1033 0.0008084566
    1034 0.0008814227
    1035 0.0006045134
    1036 0.0017426105
    1037 0.0018998874
    1038 0.0013030155
    1039 0.0018680271
    1040 0.0020366233
    1041 0.0013967942
    1042 0.0004993480
    1043 0.0005444159
    1044 0.0003733813
    1045 0.0010763337
    1046 0.0011734767
    1047 0.0008048152
    1048 0.0043865508
    1049 0.0047824529
    1050 0.0032799891
    1051 0.0011725822
    1052 0.0012784120
    1053 0.0008767838
    1054 0.0025274753
    1055 0.0027555890
    1056 0.0018898883
    1057 0.0035109398
    1058 0.0038278149
    1059 0.0026252618
    1060 0.0009385199
    1061 0.0010232248
    1062 0.0007017667
    1063 0.0020229592
    1064 0.0022055386
    1065 0.0015126427
    1066 0.0090930784
    1067 0.0099137616
    1068 0.0067992368
    1069 0.0024306983
    1070 0.0026500776
    1071 0.0018175246
    1072 0.0052393170
    1073 0.0057121844
    1074 0.0039176345
    1075 0.0213526079
    1076 0.0232797581
    1077 0.0159661483
    1078 0.0057078302
    1079 0.0062229826
    1080 0.0042679594
    1081 0.0123031033
    1082 0.0134135029
    1083 0.0091994932
    1084 0.0170903573
    1085 0.0186328240
    1086 0.0127791032
    1087 0.0045684751
    1088 0.0049807965
    1089 0.0034160207
    1090 0.0098472483
    1091 0.0107359981
    1092 0.0073631580;
