set C := 1 2 3 4 5 6 7 8 9 10;
set P := 3 4 5 6 7 8 9 10;
set A1 := 1 2;
set A2 :=;
set S := 0 1 2 3 4 5 6 7 8 9 10 11 12 13 14 15 16 17 18 19 20 21 22 23 24 25 26 27 28 29 30 31 32 33 34 35 36 37 38 39 40 41 42 43 44 45 46 47 48 49 50 51 52 53 54 55 56 57 58 59 60 61 62 63 64 65 66 67 68 69 70 71 72 73 74 75 76 77 78 79 80 81 82 83 84 85 86 87 88 89 90 91 92 93 94 95 96 97 98 99 100 101 102 103 104 105 106 107 108 109 110 111 112 113 114 115 116 117 118 119 120 121 122 123 124 125 126 127 128 129 130 131 132 133 134 135 136 137 138 139 140 141 142 143 144 145 146 147 148 149 150 151 152 153 154 155 156 157 158 159 160 161 162 163 164 165 166 167 168 169 170 171 172 173 174 175 176 177 178 179 180 181 182 183 184 185 186 187 188 189 190 191 192 193 194 195 196 197 198 199 200 201 202 203 204 205 206 207 208 209 210 211 212 213 214 215 216 217 218 219 220 221 222 223 224 225 226 227 228 229 230 231 232 233 234 235 236 237 238 239 240 241 242 243 244 245 246 247 248 249 250 251 252 253 254 255 256 257 258 259 260 261 262 263 264 265 266 267 268 269 270 271 272 273 274 275 276 277 278 279 280 281 282 283 284 285 286 287 288 289 290 291 292 293 294 295 296 297 298 299 300 301 302 303 304 305 306 307 308 309 310 311 312 313 314 315 316 317 318 319 320 321 322 323 324 325 326 327 328 329 330 331 332 333 334 335 336 337 338 339 340 341 342 343 344 345 346 347 348 349 350 351 352 353 354 355 356 357 358 359 360 361 362 363;

param q :=
    1 21.76
    2 30.73
    3 16.03
    4 21.82
    5 45.48
    6 27.30
    7 43.30
    8 29.12
    9 17.80
    10 27.80;
param ca :=
    1 179.64
    2 154.20
    3 229.79
    4 185.05
    5 205.95
    6 168.02
    7 174.59
    8 243.69
    9 174.96
    10 159.36;
param cc :=
    1 36.87
    2 46.97
    3 37.69
    4 40.88
    5 48.11
    6 36.31
    7 44.91
    8 30.78
    9 45.43
    10 31.26;
param cp :=
    1 7.39
    2 6.71
    3 9.67
    4 8.43
    5 10.50
    6 6.92
    7 9.10
    8 10.29
    9 8.75
    10 8.28;
param sMin := 0;
param sMax := 80;
param s0 := 20;
param d :=
    0 24.92
    1 43.56
    2 48.01
    3 41.78
    4 28.77
    5 41.91
    6 21.15
    7 28.77
    8 41.91
    9 21.15
    10 28.77
    11 41.91
    12 21.15
    13 27.64
    14 37.01
    15 21.62
    16 27.64
    17 37.01
    18 21.62
    19 27.64
    20 37.01
    21 21.62
    22 27.64
    23 37.01
    24 21.62
    25 27.64
    26 37.01
    27 21.62
    28 27.64
    29 37.01
    30 21.62
    31 27.64
    32 37.01
    33 21.62
    34 27.64
    35 37.01
    36 21.62
    37 27.64
    38 37.01
    39 21.62
    40 14.38
    41 28.66
    42 32.30
    43 14.38
    44 28.66
    45 32.30
    46 14.38
    47 28.66
    48 32.30
    49 14.38
    50 28.66
    51 32.30
    52 14.38
    53 28.66
    54 32.30
    55 14.38
    56 28.66
    57 32.30
    58 14.38
    59 28.66
    60 32.30
    61 14.38
    62 28.66
    63 32.30
    64 14.38
    65 28.66
    66 32.30
    67 14.38
    68 28.66
    69 32.30
    70 14.38
    71 28.66
    72 32.30
    73 14.38
    74 28.66
    75 32.30
    76 14.38
    77 28.66
    78 32.30
    79 14.38
    80 28.66
    81 32.30
    82 14.38
    83 28.66
    84 32.30
    85 14.38
    86 28.66
    87 32.30
    88 14.38
    89 28.66
    90 32.30
    91 14.38
    92 28.66
    93 32.30
    94 14.38
    95 28.66
    96 32.30
    97 14.38
    98 28.66
    99 32.30
    100 14.38
    101 28.66
    102 32.30
    103 14.38
    104 28.66
    105 32.30
    106 14.38
    107 28.66
    108 32.30
    109 14.38
    110 28.66
    111 32.30
    112 14.38
    113 28.66
    114 32.30
    115 14.38
    116 28.66
    117 32.30
    118 14.38
    119 28.66
    120 32.30
    121 10.73
    122 27.42
    123 26.07
    124 10.73
    125 27.42
    126 26.07
    127 10.73
    128 27.42
    129 26.07
    130 10.73
    131 27.42
    132 26.07
    133 10.73
    134 27.42
    135 26.07
    136 10.73
    137 27.42
    138 26.07
    139 10.73
    140 27.42
    141 26.07
    142 10.73
    143 27.42
    144 26.07
    145 10.73
    146 27.42
    147 26.07
    148 10.73
    149 27.42
    150 26.07
    151 10.73
    152 27.42
    153 26.07
    154 10.73
    155 27.42
    156 26.07
    157 10.73
    158 27.42
    159 26.07
    160 10.73
    161 27.42
    162 26.07
    163 10.73
    164 27.42
    165 26.07
    166 10.73
    167 27.42
    168 26.07
    169 10.73
    170 27.42
    171 26.07
    172 10.73
    173 27.42
    174 26.07
    175 10.73
    176 27.42
    177 26.07
    178 10.73
    179 27.42
    180 26.07
    181 10.73
    182 27.42
    183 26.07
    184 10.73
    185 27.42
    186 26.07
    187 10.73
    188 27.42
    189 26.07
    190 10.73
    191 27.42
    192 26.07
    193 10.73
    194 27.42
    195 26.07
    196 10.73
    197 27.42
    198 26.07
    199 10.73
    200 27.42
    201 26.07
    202 10.73
    203 27.42
    204 26.07
    205 10.73
    206 27.42
    207 26.07
    208 10.73
    209 27.42
    210 26.07
    211 10.73
    212 27.42
    213 26.07
    214 10.73
    215 27.42
    216 26.07
    217 10.73
    218 27.42
    219 26.07
    220 10.73
    221 27.42
    222 26.07
    223 10.73
    224 27.42
    225 26.07
    226 10.73
    227 27.42
    228 26.07
    229 10.73
    230 27.42
    231 26.07
    232 10.73
    233 27.42
    234 26.07
    235 10.73
    236 27.42
    237 26.07
    238 10.73
    239 27.42
    240 26.07
    241 10.73
    242 27.42
    243 26.07
    244 10.73
    245 27.42
    246 26.07
    247 10.73
    248 27.42
    249 26.07
    250 10.73
    251 27.42
    252 26.07
    253 10.73
    254 27.42
    255 26.07
    256 10.73
    257 27.42
    258 26.07
    259 10.73
    260 27.42
    261 26.07
    262 10.73
    263 27.42
    264 26.07
    265 10.73
    266 27.42
    267 26.07
    268 10.73
    269 27.42
    270 26.07
    271 10.73
    272 27.42
    273 26.07
    274 10.73
    275 27.42
    276 26.07
    277 10.73
    278 27.42
    279 26.07
    280 10.73
    281 27.42
    282 26.07
    283 10.73
    284 27.42
    285 26.07
    286 10.73
    287 27.42
    288 26.07
    289 10.73
    290 27.42
    291 26.07
    292 10.73
    293 27.42
    294 26.07
    295 10.73
    296 27.42
    297 26.07
    298 10.73
    299 27.42
    300 26.07
    301 10.73
    302 27.42
    303 26.07
    304 10.73
    305 27.42
    306 26.07
    307 10.73
    308 27.42
    309 26.07
    310 10.73
    311 27.42
    312 26.07
    313 10.73
    314 27.42
    315 26.07
    316 10.73
    317 27.42
    318 26.07
    319 10.73
    320 27.42
    321 26.07
    322 10.73
    323 27.42
    324 26.07
    325 10.73
    326 27.42
    327 26.07
    328 10.73
    329 27.42
    330 26.07
    331 10.73
    332 27.42
    333 26.07
    334 10.73
    335 27.42
    336 26.07
    337 10.73
    338 27.42
    339 26.07
    340 10.73
    341 27.42
    342 26.07
    343 10.73
    344 27.42
    345 26.07
    346 10.73
    347 27.42
    348 26.07
    349 10.73
    350 27.42
    351 26.07
    352 10.73
    353 27.42
    354 26.07
    355 10.73
    356 27.42
    357 26.07
    358 10.73
    359 27.42
    360 26.07
    361 10.73
    362 27.42
    363 26.07;
param h :=
    1 1.00
    2 1.00
    3 1.00
    4 1.00
    5 1.00
    6 1.00;
param p :=
    0 1.0000000000
    1 0.0424640278
    2 0.1098650533
    3 0.8476709189
    4 0.0041892441
    5 0.0037559439
    6 0.0345188398
    7 0.0108386216
    8 0.0097175656
    9 0.0893088661
    10 0.0836260855
    11 0.0749765055
    12 0.6890683280
    13 0.0038459516
    14 0.0003140866
    15 0.0000292059
    16 0.0034481586
    17 0.0002816001
    18 0.0000261851
    19 0.0316901525
    20 0.0025880340
    21 0.0002406533
    22 0.0099504379
    23 0.0008126206
    24 0.0000755631
    25 0.0089212482
    26 0.0007285700
    27 0.0000677475
    28 0.0819903452
    29 0.0066958908
    30 0.0006226301
    31 0.0767732468
    32 0.0062698269
    33 0.0005830118
    34 0.0688324669
    35 0.0056213287
    36 0.0005227099
    37 0.6326018072
    38 0.0516625778
    39 0.0048039429
    40 0.0003072680
    41 0.0008765092
    42 0.0026621744
    43 0.0000250936
    44 0.0000715817
    45 0.0002174113
    46 0.0000023334
    47 0.0000066562
    48 0.0000202164
    49 0.0002754867
    50 0.0007858505
    51 0.0023868214
    52 0.0000224981
    53 0.0000641779
    54 0.0001949241
    55 0.0000020920
    56 0.0000059677
    57 0.0000181254
    58 0.0025318489
    59 0.0072223248
    60 0.0219359788
    61 0.0002067680
    62 0.0005898243
    63 0.0017914416
    64 0.0000192267
    65 0.0000548459
    66 0.0001665806
    67 0.0007949790
    68 0.0022677485
    69 0.0068877105
    70 0.0000649234
    71 0.0001851998
    72 0.0005624974
    73 0.0000060370
    74 0.0000172212
    75 0.0000523049
    76 0.0007127530
    77 0.0020331916
    78 0.0061753035
    79 0.0000582083
    80 0.0001660443
    81 0.0005043174
    82 0.0000054126
    83 0.0000154399
    84 0.0000468949
    85 0.0065505259
    86 0.0186859594
    87 0.0567538599
    88 0.0005349606
    89 0.0015260229
    90 0.0046349072
    91 0.0000497443
    92 0.0001419001
    93 0.0004309857
    94 0.0061337118
    95 0.0174969598
    96 0.0531425752
    97 0.0005009207
    98 0.0014289211
    99 0.0043399851
    100 0.0000465791
    101 0.0001328709
    102 0.0004035618
    103 0.0054992921
    104 0.0156872212
    105 0.0476459535
    106 0.0004491097
    107 0.0012811255
    108 0.0038910935
    109 0.0000417613
    110 0.0001191279
    111 0.0003618207
    112 0.0505410063
    113 0.1441727273
    114 0.4378880736
    115 0.0041275233
    116 0.0117741281
    117 0.0357609264
    118 0.0003838056
    119 0.0010948397
    120 0.0033252977
    121 0.0000654520
    122 0.0001415612
    123 0.0001002547
    124 0.0001867077
    125 0.0004038161
    126 0.0002859855
    127 0.0005670772
    128 0.0012264889
    129 0.0008686082
    130 0.0000053453
    131 0.0000115609
    132 0.0000081875
    133 0.0000152478
    134 0.0000329784
    135 0.0000233555
    136 0.0000463114
    137 0.0001001634
    138 0.0000709365
    139 0.0000004970
    140 0.0000010750
    141 0.0000007613
    142 0.0000014178
    143 0.0000030666
    144 0.0000021718
    145 0.0000043064
    146 0.0000093139
    147 0.0000065962
    148 0.0000586822
    149 0.0001269193
    150 0.0000898852
    151 0.0001673962
    152 0.0003620487
    153 0.0002564055
    154 0.0005084235
    155 0.0010996312
    156 0.0007787667
    157 0.0000047924
    158 0.0000103651
    159 0.0000073406
    160 0.0000136707
    161 0.0000295674
    162 0.0000209398
    163 0.0000415213
    164 0.0000898034
    165 0.0000635994
    166 0.0000004456
    167 0.0000009638
    168 0.0000006826
    169 0.0000012712
    170 0.0000027494
    171 0.0000019471
    172 0.0000038609
    173 0.0000083505
    174 0.0000059139
    175 0.0005393162
    176 0.0011664467
    177 0.0008260860
    178 0.0015384477
    179 0.0033273933
    180 0.0023564838
    181 0.0046726444
    182 0.0101061127
    183 0.0071572217
    184 0.0000440442
    185 0.0000952600
    186 0.0000674638
    187 0.0001256401
    188 0.0002717376
    189 0.0001924465
    190 0.0003816000
    191 0.0008253341
    192 0.0005845075
    193 0.0000040955
    194 0.0000088579
    195 0.0000062733
    196 0.0000116829
    197 0.0000252680
    198 0.0000178950
    199 0.0000354838
    200 0.0000767453
    201 0.0000543515
    202 0.0001693407
    203 0.0003662543
    204 0.0002593840
    205 0.0004830595
    206 0.0010447731
    207 0.0007399159
    208 0.0014671705
    209 0.0031732333
    210 0.0022473066
    211 0.0000138295
    212 0.0000299108
    213 0.0000211831
    214 0.0000394499
    215 0.0000853233
    216 0.0000604266
    217 0.0001198192
    218 0.0002591479
    219 0.0001835304
    220 0.0000012860
    221 0.0000027813
    222 0.0000019697
    223 0.0000036683
    224 0.0000079339
    225 0.0000056189
    226 0.0000111416
    227 0.0000240974
    228 0.0000170659
    229 0.0001518255
    230 0.0003283721
    231 0.0002325555
    232 0.0004330959
    233 0.0009367106
    234 0.0006633852
    235 0.0013154187
    236 0.0028450207
    237 0.0020148641
    238 0.0000123991
    239 0.0000268171
    240 0.0000189921
    241 0.0000353696
    242 0.0000764982
    243 0.0000541766
    244 0.0001074261
    245 0.0002323438
    246 0.0001645475
    247 0.0000011530
    248 0.0000024936
    249 0.0000017660
    250 0.0000032889
    251 0.0000071133
    252 0.0000050377
    253 0.0000099892
    254 0.0000216049
    255 0.0000153008
    256 0.0013953459
    257 0.0030178892
    258 0.0021372908
    259 0.0039803487
    260 0.0086087981
    261 0.0060968127
    262 0.0120892990
    263 0.0261470395
    264 0.0185175214
    265 0.0001139535
    266 0.0002464614
    267 0.0001745457
    268 0.0003250624
    269 0.0007030532
    270 0.0004979073
    271 0.0009872946
    272 0.0021353456
    273 0.0015122671
    274 0.0000105962
    275 0.0000229177
    276 0.0000162305
    277 0.0000302265
    278 0.0000653747
    279 0.0000462989
    280 0.0000918055
    281 0.0001985592
    282 0.0001406210
    283 0.0013065592
    284 0.0028258590
    285 0.0020012936
    286 0.0037270765
    287 0.0080610147
    288 0.0057088686
    289 0.0113200491
    290 0.0244832865
    291 0.0173392396
    292 0.0001067025
    293 0.0002307789
    294 0.0001634393
    295 0.0003043785
    296 0.0006583174
    297 0.0004662251
    298 0.0009244724
    299 0.0019994722
    300 0.0014160406
    301 0.0000099219
    302 0.0000214594
    303 0.0000151977
    304 0.0000283032
    305 0.0000612149
    306 0.0000433528
    307 0.0000859638
    308 0.0001859247
    309 0.0001316732
    310 0.0011714197
    311 0.0025335758
    312 0.0017942966
    313 0.0033415790
    314 0.0072272510
    315 0.0051183911
    316 0.0101491983
    317 0.0219509410
    318 0.0155458142
    319 0.0000956661
    320 0.0002069091
    321 0.0001465345
    322 0.0002728961
    323 0.0005902266
    324 0.0004180027
    325 0.0008288528
    326 0.0017926635
    327 0.0012695772
    328 0.0000088957
    329 0.0000192398
    330 0.0000136258
    331 0.0000253758
    332 0.0000548833
    333 0.0000388688
    334 0.0000770724
    335 0.0001666942
    336 0.0001180540
    337 0.0107658816
    338 0.0232847191
    339 0.0164904055
    340 0.0307106374
    341 0.0664217377
    342 0.0470403522
    343 0.0932757679
    344 0.2017391730
    345 0.1428731327
    346 0.0008792153
    347 0.0019015890
    348 0.0013467190
    349 0.0025080401
    350 0.0054244521
    351 0.0038416360
    352 0.0076175353
    353 0.0164753967
    354 0.0116679944
    355 0.0000817555
    356 0.0001768229
    357 0.0001252272
    358 0.0002332149
    359 0.0005044030
    360 0.0003572218
    361 0.0007083310
    362 0.0015319961
    363 0.0010849706;
